0 0 p4 28 4 22 3 30 3 30 2 22 2 29
1 1 p5 17 3 19 3 20 3 19 2 17
2 2 p5 30 4 22 3 28 3 23 3 29 4 17 2 30 3 29 2 17 3 31
2 3 p4 27 4 30 3 26 4 27 4 20 2 24 3 24 4 22 3 20 3 21
3 4 p3 23 4 29 4 19 4 18 4 18
4 5 p2 20 3 20 2 26 2 20 4 18 2 31
5 6 p2 28 2 30 3 21 3 25 4 24 2 29
6 7 p1 17 4 28 3 21 2 22 2 28 2 25
6 8 p2 31 4 23 2 17 3 25 4 23 2 24 3 25 3 24
6 9 p5 21 4 17 4 24 2 30 3 29 2 27 2 31 2 30 4 31
7 10 p1 29 2 23 2 18 4 27 3 29 3 28 2 31 3 20 2 24
7 11 p2 18 4 26 2 31 3 23 2 21 3 25 2 23 4 20 2 19 2 27
7 12 p4 26 4 19 4 25 4 30 4 22 2 19 3 19 4 24 2 20 3 28
8 13 p3 17 2 31 3 23 2 18 4 30 2 20 2 26
8 14 p1 27 3 28 3 29 3 29 4 17 2 21 4 31 2 25
9 15 p4 24 2 27 3 27 3 25 2 21 3 26
9 16 p4 23 3 20 4 18 3 27 3 25 3 31 4 19 2 29 3 20 4 21
9 17 p3 18 4 27 2 20 3 28 4 29 2 23 3 30 2 29 4 22
10 18 p1 22 4 30 2 24 4 31 2 21 2 18
10 19 p3 22 4 30 4 17 2 29 2 18 3 19 3 21 4 29 4 30
11 20 p1 17 3 20 2 21 2 24 3 19 4 18
11 21 p4 22 2 23 4 29 4 23 2 21
11 22 p4 20 4 27 3 26 4 18 2 25
12 23 p5 30 2 25 3 21 3 31 4 19 3 25 2 27 2 23 3 18
12 24 p1 30 2 19 2 23 4 22 2 22 4 30 2 19 2 25 4 18
13 25 p5 18 2 30 2 27 2 17 2 24
14 26 p4 17 3 26 2 31 4 28 2 29 3 19 2 19 3 17 2 22 4 26
15 27 p5 20 3 19 2 17 2 23 4 21
15 28 p3 29 4 25 4 25 4 22 2 21
15 29 p1 25 2 23 4 20 3 23 4 24 2 27
16 30 p3 25 3 25 3 22 2 28 2 21 4 25 4 31 2 22
17 31 p3 27 3 19 4 29 3 26 3 26 2 25 4 29 4 18 4 20 2 25
17 32 p5 31 3 27 3 26 2 19 2 27 3 27 4 30 3 24 4 27
18 33 p1 23 4 19 4 19 2 27 3 19
18 34 p2 27 2 21 4 30 2 22 4 17 4 21 3 21 4 17
18 35 p4 29 3 30 4 28 4 19 3 28 4 25 2 19
19 36 p3 18 3 25 3 19 3 17 4 24
20 37 p5 19 3 17 3 29 4 23 2 18
20 38 p4 17 3 19 4 31 4 27 4 26 3 30 3 27 2 20 2 21 3 25
20 39 p1 18 4 31 2 22 3 24 3 18
21 40 p5 19 4 31 4 31 4 19 4 29 2 29
22 41 p1 29 2 20 4 24 2 23 3 27 4 19 2 21 2 17 2 26
23 42 p2 27 3 20 2 23 4 21 2 30 4 22 4 22 3 27
24 43 p1 24 4 31 3 24 4 28 3 22 3 31 4 27 3 30
24 44 p5 22 2 29 2 19 4 21 4 21 3 30 4 18 4 20 2 24
25 45 p2 19 3 28 4 22 2 19 2 18 4 29 4 23 2 17
25 46 p2 25 2 30 3 19 4 20 2 30 4 18 2 26 3 28
25 47 p1 23 2 31 2 21 3 29 4 28 4 25
26 48 p2 31 4 30 4 28 2 28 3 28
26 49 p3 17 4 20 3 20 3 24 2 31 2 27
27 50 p4 23 2 18 4 25 3 18 2 31
28 51 p1 22 2 30 2 22 3 26 3 23 3 22 2 19 4 24 3 21 3 28
28 52 p5 28 2 17 4 20 3 30 2 27 2 22
28 53 p3 25 4 22 3 25 3 27 2 31 2 24 3 25
29 54 p2 24 2 22 4 19 2 28 2 28 3 28 2 29 3 22 3 29 2 23
29 55 p4 20 3 26 3 26 3 31 3 24 2 28 4 24 2 28 2 22
30 56 p4 21 4 30 3 19 3 27 3 29 3 30 3 25
30 57 p3 18 2 26 2 19 2 25 3 17 2 21 3 24
31 58 p3 19 2 31 2 19 2 24 4 18 3 24 4 25 3 18 3 31
31 59 p3 21 4 21 4 29 3 19 2 27
32 60 p2 26 2 17 3 22 2 28 2 19 2 17 2 20
33 61 p2 25 4 26 4 31 4 20 3 17 2 21 4 18
34 62 p5 30 2 17 2 31 2 17 3 24 4 24 4 21 3 23 2 19 2 19
34 63 p3 17 4 21 2 21 2 17 2 18 4 30
34 64 p1 26 4 28 3 23 2 23 4 17 4 23 4 23 2 28
35 65 p2 30 4 26 4 20 3 30 3 19 4 21 4 30 2 18
35 66 p4 26 3 21 4 26 3 22 2 24
36 67 p3 26 4 21 4 24 2 21 3 21 2 22 2 18
37 68 p3 31 4 22 2 29 3 17 3 17 2 23 3 18 4 25 3 28 2 20
37 69 p5 20 2 18 2 17 4 21 2 23 2 20 3 31 4 30
37 70 p2 18 4 29 4 24 4 25 2 24
38 71 p5 25 3 26 2 19 2 31 3 26 4 19 4 25 4 17
39 72 p1 23 2 18 3 22 4 30 2 29 3 26 4 24 3 17
39 73 p1 17 4 30 2 26 3 17 2 19 2 29 4 25
40 74 p4 21 2 24 4 17 4 21 3 30 4 26
41 75 p2 17 4 30 2 24 4 27 4 28 4 28 3 22 3 23
42 76 p2 28 2 21 3 23 4 29 4 20 3 24 2 24 4 26
42 77 p1 24 3 17 3 23 3 30 3 20 2 26 4 31 2 19 2 21
43 78 p1 20 3 23 3 21 3 17 2 29 3 21 2 22 4 28
43 79 p5 30 2 22 4 26 3 20 2 22
43 80 p5 30 2 17 4 21 3 27 3 23
44 81 p4 19 2 31 4 23 4 18 3 22 4 18 2 31 3 31 2 30 4 31
44 82 p5 18 4 25 4 17 3 29 2 26 3 26 3 18 2 20 3 25
44 83 p2 31 4 22 4 28 2 25 3 25 4 26 3 18 2 20 4 30 4 21
45 84 p3 19 2 29 2 19 3 23 2 30
46 85 p2 31 4 17 4 30 3 17 3 19
47 86 p2 28 2 29 3 25 3 27 4 29 2 25 2 25 4 29 2 26
47 87 p3 24 3 25 4 21 2 31 3 17 2 23
48 88 p5 29 2 21 2 19 2 31 4 31 2 22 4 19 3 30 4 26 3 18
48 89 p3 22 2 29 4 20 2 22 3 20 4 27
49 90 p1 26 3 24 3 28 2 19 2 18
49 91 p2 24 3 20 4 29 2 31 2 20 4 24
49 92 p4 25 4 26 4 22 3 20 3 23 2 18 2 30 4 19
50 93 p3 17 3 22 4 21 3 26 4 30 4 25 4 30 4 26 2 17
50 94 p4 23 2 19 4 25 2 21 3 18 2 31 4 20 3 18
51 95 p4 17 3 23 4 26 4 18 2 22 3 20 3 26 2 29 4 19
51 96 p5 24 4 31 2 22 2 17 4 19 3 25 2 24 3 31 4 17
51 97 p1 25 3 30 3 29 3 28 4 18 3 19 2 24 3 31
52 98 p5 30 4 30 3 27 2 18 2 23 4 29 4 21 3 17 3 29 3 19
53 99 p4 17 4 22 4 19 4 23 3 22 3 26
53 100 p4 27 3 17 3 24 3 30 4 24 4 24 3 31 4 29 4 23 4 23
54 101 p5 29 2 29 3 21 2 24 3 18 2 25 4 30 4 21 3 28 2 20
55 102 p5 30 2 29 3 28 2 19 4 28 3 28 4 20 3 21 4 25 4 30
55 103 p4 27 4 24 4 17 4 21 4 25 2 26 4 18 4 30
55 104 p3 23 4 23 2 29 4 30 3 30 3 28 3 25 3 24 4 26
56 105 p2 18 3 31 4 20 3 26 4 29 2 20 3 19
56 106 p2 27 2 24 4 31 4 30 2 25 4 21
57 107 p1 23 3 17 2 26 3 30 2 19 3 21 4 25 2 18
57 108 p2 22 2 31 2 31 4 21 2 25 4 21 3 29 2 22
58 109 p5 22 4 21 2 31 4 26 3 26 3 22 3 27
58 110 p1 19 4 31 4 24 3 28 2 24 4 31
59 111 p2 18 4 29 2 21 2 31 2 20 4 29 4 25
60 112 p4 25 2 24 3 30 2 21 3 31 3 24 4 25
61 113 p3 18 2 27 2 21 3 19 3 26 4 29 2 22 3 17 3 22
62 114 p1 25 4 23 2 26 3 25 4 25 4 29 4 29 3 30 4 24 2 29
62 115 p4 25 3 27 2 24 4 19 4 21
62 116 p4 26 3 31 3 28 3 21 2 22 3 25 3 26
63 117 p3 22 3 29 4 31 4 26 4 18 2 23 3 29 2 19 4 20 4 20
64 118 p1 17 4 25 4 25 4 23 3 27 2 24 4 24 2 19
65 119 p3 31 3 26 3 28 3 23 4 30 2 31 3 25 2 24 3 25 4 17
66 120 p1 31 4 30 4 24 3 22 3 30 4 17 2 20 2 29 4 19 4 24
66 121 p4 18 2 21 4 29 4 21 4 23 4 29 3 19 3 19
67 122 p4 17 3 23 4 18 2 20 2 22 4 28 2 27 2 26
67 123 p5 17 4 22 2 26 2 21 2 26 3 23 2 26 4 26 2 29
68 124 p1 26 2 27 4 19 3 28 4 18 2 17 2 31
68 125 p5 25 4 17 4 27 2 27 4 18 2 26
69 126 p4 23 4 24 3 26 4 28 2 19 3 26 4 17 3 18
69 127 p5 22 4 28 2 23 4 23 2 17 2 17 2 17 3 30 3 25
69 128 p3 23 3 22 4 31 3 26 2 18 4 23 3 29 4 24
70 129 p1 30 4 28 2 31 2 18 4 29 3 24 3 28 3 19 2 22
71 130 p3 22 3 18 4 20 4 19 3 20 2 26
71 131 p3 17 4 24 2 25 4 21 3 28 4 23 4 20 3 24 4 31 2 20
71 132 p5 20 4 19 4 23 4 26 4 17 3 25 4 22 2 23 3 29 2 23
72 133 p1 20 2 30 3 27 2 31 3 21 3 25 4 21 2 26
72 134 p2 26 3 21 3 25 2 25 3 17
72 135 p4 22 4 30 3 28 2 28 2 22 3 27 2 23 3 24
73 136 p3 29 2 19 4 23 2 24 4 28 4 20 4 21 2 28 4 29 4 18
73 137 p5 17 3 18 4 21 3 31 4 25 4 18 4 17 3 30 4 26 3 17
73 138 p4 18 3 18 4 20 4 20 2 24 3 23 3 31
74 139 p1 18 2 22 3 26 3 23 2 28 2 20 2 30
74 140 p5 27 3 29 4 17 3 25 4 22 2 24 2 25
75 141 p1 27 4 24 4 23 2 28 4 17 2 19 3 27 3 17 4 23
75 142 p2 21 4 23 2 19 2 28 4 24 3 27 4 21 2 18 2 25
75 143 p1 27 3 21 2 26 2 24 2 31 2 29 3 27 3 29
76 144 p5 27 3 17 3 25 4 24 3 24 2 20
76 145 p2 20 3 31 3 31 2 18 3 26 4 23
76 146 p2 18 4 28 4 28 2 23 4 20 2 18
77 147 p1 27 3 19 4 31 3 23 2 25 4 29 2 17 4 23 3 20 3 27
77 148 p2 26 4 31 3 20 3 21 2 31 4 19 4 21
78 149 p3 25 4 24 4 26 3 19 3 26 2 18
78 150 p4 26 2 27 2 23 3 20 4 17 4 30 4 17 3 18 2 29
78 151 p1 23 3 23 3 20 2 25 2 26 3 22 2 17 3 22 3 27 3 21
79 152 p5 19 2 25 4 18 3 19 2 22
79 153 p3 19 3 18 3 18 2 28 2 19
80 154 p2 29 3 24 4 30 2 19 4 30 2 19 3 22
81 155 p4 29 4 18 3 20 4 30 2 26 3 21 2 24 4 19 4 30 3 23
82 156 p4 28 3 30 3 18 3 20 4 20 4 26 4 28
83 157 p3 28 4 27 3 18 2 23 4 24
83 158 p3 20 2 17 2 26 4 18 4 29 3 25 4 18 2 25 4 19 4 25
83 159 p3 24 4 26 2 27 4 17 4 27 4 20 2 23 4 31
84 160 p2 31 4 29 3 18 2 17 3 29 4 29 2 21
84 161 p2 23 3 27 4 20 2 19 2 18 2 22
85 162 p5 23 3 30 3 22 2 20 2 22
85 163 p3 21 2 25 4 30 2 20 2 29
86 164 p1 22 4 18 2 20 4 24 3 20 3 19 3 18 2 23 2 28
86 165 p2 18 4 30 2 26 2 29 3 30 2 21 3 19
86 166 p4 19 2 22 2 29 4 24 4 25 3 27 2 24
87 167 p3 31 2 28 2 29 3 23 2 25 4 28 4 17 2 22
87 168 p3 25 2 24 3 17 4 21 2 29 3 24 2 19 4 31 3 21
88 169 p5 26 2 25 3 23 2 18 2 20 3 30 3 19
89 170 p2 31 3 29 4 17 4 28 4 17 4 26 4 28
89 171 p5 19 4 20 3 24 2 26 3 19 2 19 3 30
89 172 p1 20 2 31 4 18 4 18 3 31
90 173 p1 23 3 22 3 23 3 23 4 18 2 17
91 174 p4 25 4 26 3 27 2 22 2 20
92 175 p2 30 3 18 4 27 4 20 3 18 2 24 3 28 3 26 2 18 3 29
93 176 p2 22 2 24 2 20 3 23 4 21 2 17
93 177 p1 21 3 17 4 24 4 17 4 23 2 29 4 25
93 178 p1 29 4 26 2 28 3 20 4 17 4 26 3 18 3 26 2 24
94 179 p5 24 3 23 2 23 4 23 2 18 4 21 2 24 4 29 4 23 4 31
95 180 p5 24 4 17 3 28 3 30 4 19
95 181 p4 24 4 27 4 28 4 27 3 30 3 30
96 182 p5 22 3 23 2 20 3 21 4 20
97 183 p2 27 2 25 4 19 4 20 4 29 2 19 4 18 3 17
98 184 p3 28 3 28 2 24 3 21 4 23 4 22 4 19
98 185 p2 26 3 31 3 25 3 26 2 22
99 186 p2 21 2 19 4 24 2 21 4 29 3 30 4 19 3 30 2 21 2 19
99 187 p3 29 3 24 3 27 4 29 3 19
99 188 p5 22 2 27 2 18 3 19 4 27
100 189 p3 18 4 26 2 20 2 22 4 25 3 24
100 190 p1 27 4 21 4 29 2 17 2 30 2 31
100 191 p2 20 4 19 4 25 3 23 4 28 2 25 3 29
101 192 p4 30 4 25 4 27 4 21 3 29 3 31
101 193 p3 24 2 27 2 23 3 20 4 25 2 22 4 21 3 20 4 26 4 30
101 194 p4 21 2 24 2 22 2 20 3 17 2 28
102 195 p4 21 4 27 2 24 4 20 4 23 4 17 2 22 3 18
102 196 p5 22 4 20 2 27 2 30 2 22
102 197 p1 22 3 20 2 20 4 17 4 31 4 27 3 31 2 28
103 198 p5 30 4 24 3 24 2 31 2 28 4 18 4 18
103 199 p4 25 4 18 4 21 2 17 3 20 4 17 4 21 4 17 3 21
104 200 p4 18 4 21 4 21 4 17 2 31
104 201 p5 20 2 17 3 29 2 18 2 20 4 24
105 202 p5 24 3 24 2 28 2 23 4 28 2 24 3 31 2 28 3 28 2 18
105 203 p4 20 4 21 3 18 3 30 2 25
105 204 p3 20 3 24 3 31 2 19 2 21 2 22 4 30
106 205 p2 22 2 22 4 23 4 25 4 24
106 206 p2 20 4 27 4 28 4 17 4 19 4 30 2 31
107 207 p1 22 4 30 2 21 3 20 3 29 2 28 3 19 3 20 3 21
108 208 p2 28 3 24 3 28 4 21 3 20 2 30
109 209 p5 17 4 17 2 22 2 29 2 29 2 19 3 28 3 27
109 210 p1 18 4 30 4 29 3 26 4 31 2 25 4 26 3 21 3 24 3 25
110 211 p2 18 4 31 2 18 4 19 4 18 3 18 3 31 3 28
110 212 p4 21 3 27 4 28 4 25 2 31 4 18 3 26
110 213 p3 28 2 17 2 27 2 18 3 26
111 214 p1 25 3 28 4 20 2 30 3 23 4 19
111 215 p4 27 4 29 4 24 4 23 4 23
112 216 p4 18 3 18 2 20 3 21 2 24 4 19 2 29 2 21 3 19
113 217 p3 21 4 18 3 19 4 23 4 25 2 24 4 19 3 29
113 218 p1 29 2 29 3 23 3 27 2 28 2 23 4 29 3 21 2 27
114 219 p3 27 2 17 2 18 2 27 2 21
114 220 p1 17 4 22 2 25 3 30 3 24 3 26
114 221 p4 20 4 26 4 18 4 20 4 30 3 18
115 222 p4 28 3 27 3 20 3 30 2 28 2 22 3 20 4 26 4 22
115 223 p5 20 2 31 4 24 2 24 2 17 4 30 3 28 3 28 4 26
116 224 p1 25 4 19 4 26 4 17 3 26 3 17 4 28 2 20
117 225 p5 31 2 24 2 24 4 23 2 26 4 26 2 31
117 226 p4 29 2 28 4 27 2 21 2 19
117 227 p5 24 4 18 2 18 3 31 2 25 2 31 3 22 3 19 2 22
118 228 p3 24 2 18 4 25 2 26 3 19 3 27 4 22
118 229 p1 19 4 30 4 19 4 27 3 25 4 21 2 19 2 24
118 230 p3 18 4 20 4 31 2 19 4 31 4 20
119 231 p3 20 2 28 2 24 4 17 3 20 3 23 4 28 4 24 2 23 3 20
119 232 p5 31 4 23 4 29 3 19 2 29 3 25 4 22
120 233 p1 20 4 20 2 25 2 17 2 30 3 28 2 21
120 234 p2 22 2 23 3 28 2 20 2 18 3 23
120 235 p4 19 3 18 2 29 2 27 4 24 4 28 3 29 3 17
121 236 p3 21 3 30 4 22 2 17 3 27 2 21 2 25 4 29 4 27
121 237 p5 22 2 21 3 23 3 18 2 20 3 17 3 23 2 22 2 23
121 238 p4 29 3 31 3 21 2 22 4 24 3 28 2 23 2 26 4 26
122 239 p1 22 2 18 2 29 3 24 4 25 3 26
123 240 p5 30 3 21 4 22 3 24 2 17
123 241 p1 24 3 30 2 22 3 21 3 22 4 25 2 25 3 29 2 17 3 30
123 242 p2 26 2 18 3 28 3 22 4 22 3 23 3 27 2 20 2 20 4 25
124 243 p1 31 2 19 4 23 4 24 4 20 4 29
124 244 p5 21 2 24 2 20 4 30 2 27 3 29 4 29 2 22
125 245 p2 29 4 29 3 19 3 31 4 22
126 246 p2 25 3 31 2 28 2 29 3 19 4 20 2 17 3 19
127 247 p1 29 4 17 3 18 3 23 4 17 4 21 2 20 4 23 4 28 2 21
127 248 p2 26 3 24 2 30 3 20 4 31 4 20 3 25 4 29 3 18
128 249 p3 19 2 28 4 17 2 28 2 25 2 20
128 250 p4 23 2 27 3 26 4 26 4 21 2 26 2 30 3 21
128 251 p1 25 2 23 2 19 3 20 2 31 2 26 4 26
129 252 p5 26 2 31 2 21 2 31 3 21 4 19
129 253 p3 29 4 19 3 24 4 18 2 31 3 25 2 20 4 31
129 254 p2 29 4 30 4 18 4 24 4 22 4 17 4 25 4 23 3 30 3 18
130 255 p4 26 2 21 4 20 4 24 3 24 3 25 3 18
131 256 p4 18 4 25 3 22 2 21 3 27 3 28 4 30 4 28 2 30 3 27
132 257 p3 26 2 22 3 28 3 30 4 26 4 21 4 20 4 19 3 23
132 258 p3 24 3 22 2 23 3 25 3 19
133 259 p3 20 2 26 3 19 3 23 3 17 2 17 3 30 4 29 4 23 2 26
134 260 p2 17 2 22 3 27 4 20 3 27 4 28
134 261 p2 24 2 17 2 29 3 21 2 24 4 20 3 27 2 21
135 262 p5 19 3 21 4 21 3 18 4 22 3 27 4 23 2 27 3 30 4 23
135 263 p3 31 4 24 3 18 2 25 3 20 2 26 2 17
135 264 p1 20 3 30 2 22 2 21 2 27 4 19
136 265 p2 31 2 19 3 21 2 31 2 24
136 266 p4 19 3 22 2 26 2 22 4 30
136 267 p3 19 4 27 4 24 2 19 2 30 3 27 3 17
137 268 p3 21 2 17 4 23 2 26 2 17 3 21 2 27
137 269 p5 24 2 25 3 30 3 22 2 29 3 30 2 18 3 20 3 28 2 17
138 270 p2 17 4 31 4 27 2 20 2 22 3 24 2 26 4 27 4 21
138 271 p5 23 4 23 2 31 4 25 4 27 4 22 4 30
138 272 p1 22 3 31 2 23 2 26 2 22 3 23 3 18
139 273 p1 18 3 21 4 23 4 17 3 23 2 24 3 17 2 21 2 28 3 30
139 274 p4 24 3 27 2 21 3 23 3 21 4 23 4 24 3 23 3 23 2 29
139 275 p2 21 2 27 3 26 4 30 3 28 3 31 3 17 2 28 2 29
140 276 p2 17 4 27 4 22 2 27 2 26 3 19 3 26 2 29 3 26
141 277 p1 20 2 22 4 31 2 27 2 22 4 24
141 278 p1 31 2 17 4 23 3 23 4 18 4 26 2 26
141 279 p5 21 3 30 4 18 3 17 4 25 2 25
142 280 p5 23 3 30 3 20 4 21 4 28
142 281 p4 19 2 18 3 23 4 26 2 26 2 31 2 21 2 23 4 20 3 24
142 282 p5 18 4 25 2 27 2 25 3 23
143 283 p2 29 3 24 3 17 2 26 4 19 3 20 3 27 4 30 3 20
143 284 p3 30 4 25 2 28 4 26 4 29
144 285 p2 22 4 31 4 24 3 23 4 26
144 286 p2 30 2 29 2 21 4 24 3 28 3 24 3 31 2 21 4 28
144 287 p3 26 3 19 2 29 3 25 3 28
145 288 p5 26 2 30 3 18 4 22 2 19 4 27 2 24 3 21 2 21
145 289 p3 29 3 30 3 21 3 21 4 31 4 23 3 30 4 27 3 31 4 27
145 290 p1 18 4 28 4 23 2 27 3 24
146 291 p2 20 4 31 3 17 2 27 4 17 4 19 4 17 4 25
147 292 p4 21 3 22 3 23 3 20 3 30 4 18 2 26 3 17 3 17 2 21
148 293 p3 26 2 30 3 27 2 27 3 17 3 19
148 294 p4 28 2 25 2 22 2 20 3 19
148 295 p4 24 3 21 3 17 3 27 2 18 2 17 3 21 3 20 2 31 3 30
149 296 p5 29 3 22 3 19 4 24 2 31 4 20 4 22 2 18 3 31
149 297 p1 27 3 29 2 18 2 22 4 31 2 31 3 29 2 23 4 18
149 298 p5 26 3 28 4 30 4 26 4 26 3 19 3 19 4 28 3 18
150 299 p4 31 2 22 4 19 3 25 2 24 4 30 2 20 4 20
151 300 p4 27 2 28 3 23 3 24 3 31 2 23 2 27 4 27 2 30 3 19
152 301 p5 18 2 29 3 30 2 31 2 23
153 302 p5 21 3 19 2 20 4 28 3 24
154 303 p4 24 4 18 2 19 2 31 3 20
154 304 p3 19 4 29 2 31 4 20 4 30
154 305 p2 22 3 21 3 23 2 31 3 29 3 19 4 22
155 306 p2 25 2 29 4 23 4 22 4 21 4 25 2 22 3 25 2 29
155 307 p1 21 3 31 4 18 4 23 2 18 3 21 2 20 4 24 3 18 3 27
155 308 p2 26 2 17 4 27 2 17 4 23
156 309 p5 25 3 21 4 25 3 24 4 20 2 22 2 20
156 310 p1 22 2 23 4 22 3 26 4 20 3 20 4 26 2 25 3 31
156 311 p2 19 4 26 4 29 3 26 4 30 3 21 3 18 3 28 4 22
157 312 p4 31 4 30 3 22 3 21 3 23 3 28 3 27 3 30 4 27
157 313 p3 26 2 19 3 28 3 27 2 28 4 26 2 18 4 29 4 24 3 24
157 314 p1 17 4 23 2 18 4 28 4 26 4 26 3 31 4 20
158 315 p4 29 2 25 4 18 4 20 2 18 3 23 3 25
158 316 p4 26 3 24 4 25 2 31 2 27 3 28 4 19
159 317 p3 31 4 30 2 22 3 27 4 22 4 21 2 28 4 29 2 24 2 30
159 318 p1 26 4 28 2 28 2 23 3 21 2 18 2 31
160 319 p3 30 2 20 3 20 2 21 2 30 4 29 2 24 3 29 4 24
160 320 p1 30 3 17 4 30 3 21 3 19
160 321 p4 30 3 22 4 26 4 29 2 31 2 20 3 29
161 322 p4 25 2 19 2 22 3 26 2 19
161 323 p5 30 4 26 2 24 2 21 3 21 4 25 3 20
161 324 p1 30 2 18 4 28 3 22 3 17 3 29 2 23 3 25 2 25
162 325 p5 18 2 19 4 19 2 18 4 23 2 25 4 25 2 30
162 326 p4 18 2 20 4 17 4 19 2 21 2 25 2 26 2 30
162 327 p5 17 2 23 4 25 3 19 2 19
163 328 p3 25 3 27 2 30 2 17 4 29 4 23 2 20
163 329 p1 31 2 28 3 29 3 20 4 25 3 28 2 20 4 18 4 24 2 23
163 330 p3 18 3 22 4 31 4 29 3 21
164 331 p3 29 3 23 4 20 4 26 3 27 4 31 3 23 3 23
164 332 p5 23 4 20 4 22 4 30 4 18 3 21 4 29 3 25 3 25
164 333 p1 21 4 26 4 25 2 31 3 25 4 24 4 17 4 24 2 28 3 18
165 334 p2 27 3 22 4 17 2 26 2 24 3 31 3 30 4 29
165 335 p4 24 2 31 4 19 4 18 4 21 3 26 2 17 4 20 2 22 2 28
166 336 p3 23 2 20 2 30 4 23 4 20 2 29
166 337 p5 23 2 20 2 29 4 23 2 29
167 338 p4 23 4 25 2 30 2 25 3 26
168 339 p1 24 2 28 3 27 4 25 4 26 3 24 2 19 3 24 2 28
168 340 p5 27 4 19 4 31 3 28 3 23 4 20 4 24 2 21 3 26
169 341 p1 19 2 26 4 31 3 17 3 28 4 17 4 30 4 20
169 342 p2 24 2 27 2 29 2 24 3 30 3 21 2 21 3 26 4 28 3 22
169 343 p1 31 4 19 3 24 4 23 2 29 2 20 4 20 2 27 3 28 2 29
170 344 p5 18 4 23 4 19 3 30 4 25 4 29 3 21 3 20 4 25 4 24
170 345 p2 23 4 25 2 18 2 26 2 22 4 21 3 17 4 19 4 25
171 346 p2 26 4 23 4 29 2 25 2 26
172 347 p1 30 3 24 3 23 3 17 4 29 2 20
173 348 p2 29 2 29 2 28 3 29 2 20
173 349 p3 28 4 21 4 21 4 29 4 30 2 21 3 26
173 350 p4 21 4 23 2 29 3 31 3 19 3 25
174 351 p1 20 3 25 3 24 3 20 4 28 3 20 3 30 4 18 4 25
175 352 p5 23 3 23 2 28 4 30 3 17 4 30 3 24 2 20 2 25 3 26
175 353 p3 25 3 26 4 31 2 31 4 30
176 354 p2 30 4 25 3 21 3 28 2 27
176 355 p4 29 3 28 2 25 4 21 2 29 4 30 3 28 4 26 3 25
176 356 p4 28 4 21 2 27 3 21 3 18 4 28 4 26 2 19 4 31
177 357 p3 20 3 26 3 30 2 28 3 25 2 27 4 21 2 21 3 23
177 358 p3 20 4 26 2 22 3 31 2 20 3 18 4 18
177 359 p3 21 2 28 4 18 4 22 3 28 3 27 3 21 2 20 4 17 4 18
178 360 p2 21 4 28 2 20 2 17 3 25
178 361 p2 27 4 23 4 27 4 18 3 18 3 18 2 26 4 19 2 31
179 362 p5 19 4 23 2 28 2 22 2 28 2 23 3 22
179 363 p3 26 3 21 3 28 3 27 4 19 2 28 3 27 2 19 3 25
180 364 p1 27 2 22 2 27 2 17 4 26 4 23
181 365 p2 30 4 22 4 26 2 19 3 20 3 25 3 17 2 27 2 26
182 366 p4 22 2 18 4 26 3 17 4 26 2 28
182 367 p3 19 3 31 2 22 2 30 2 30
182 368 p3 20 3 25 2 24 2 19 3 18 3 25 2 23
183 369 p5 30 4 22 4 19 2 25 3 27 2 23 2 24 2 17 3 24 3 23
183 370 p2 18 2 27 3 23 4 29 2 18
184 371 p5 17 4 26 3 17 4 30 2 22 4 20 2 17
184 372 p1 21 2 17 2 17 4 23 4 20
184 373 p1 19 4 17 4 26 4 23 2 29 4 17 3 30
185 374 p4 26 3 25 4 28 2 27 4 27 2 29 4 22 2 20
186 375 p2 23 3 18 3 24 2 20 4 21 3 28 2 19
186 376 p2 28 3 28 3 29 4 17 4 30 3 18
187 377 p1 19 2 31 3 20 2 26 4 29 3 28 2 31 3 19 4 20 3 21
187 378 p1 30 3 31 3 18 4 25 3 24 4 18 2 23 3 21 4 25 3 24
188 379 p5 24 2 23 4 30 2 30 2 29 3 21 3 20 2 28 2 24 4 28
188 380 p5 29 3 30 4 30 2 19 4 24 4 30 4 28 3 28 4 17 3 27
188 381 p4 28 3 20 4 26 2 30 2 18 2 20 2 31 2 18 2 19
189 382 p5 30 4 17 3 18 2 20 2 23 4 28 2 18 4 29 2 26 3 23
189 383 p2 28 2 28 3 24 2 26 2 29 4 18 4 27 4 22 4 18
190 384 p3 26 2 24 2 18 4 25 3 21 4 24 2 19 2 23 3 27 3 23
190 385 p2 29 4 30 3 24 2 19 2 25 2 31 4 23 2 20 3 18 2 30
191 386 p2 19 4 29 3 18 2 25 3 17 3 30 3 27 4 28
191 387 p3 26 4 20 2 26 3 17 4 30 2 21 3 27
191 388 p5 30 3 24 4 22 2 18 2 20
192 389 p3 19 2 25 2 25 4 20 3 21 3 24 3 22 2 20 2 30
193 390 p1 20 2 27 2 20 3 28 3 26 3 19 3 25 3 19 3 22
194 391 p2 26 3 23 4 21 3 18 2 21 2 31 3 30 2 31 4 20
194 392 p4 21 3 20 2 21 3 27 4 25
194 393 p3 23 4 23 2 19 3 21 2 17 2 30 4 28 3 21 3 27 3 18
195 394 p4 20 2 29 4 18 3 31 2 26 3 21
195 395 p4 22 3 20 3 28 2 30 2 25 2 24 2 24 3 23
195 396 p5 20 3 31 4 27 2 24 2 18 2 21 3 24 3 29 2 19 2 25
196 397 p1 30 4 30 4 20 2 21 2 26 3 25 3 28
196 398 p5 28 2 27 2 29 2 24 2 18 3 29 4 22 3 25
196 399 p4 30 4 26 4 17 3 25 2 20 3 18 4 25
197 400 p4 23 2 28 2 21 4 30 2 25 4 24
197 401 p5 20 4 22 2 18 4 17 3 30 4 19 4 24 4 18
197 402 p5 28 4 28 3 31 4 29 2 26
198 403 p4 26 4 29 2 24 3 22 4 21 4 19 4 23 3 25 2 23 3 31
198 404 p3 31 4 24 3 19 4 19 3 18
199 405 p2 31 4 28 3 23 2 29 2 26 3 27 4 22
199 406 p2 20 3 25 4 19 2 21 2 28 2 20 4 17 4 30
200 407 p1 21 2 21 3 23 2 25 3 31 2 25 4 26 3 31
201 408 p2 18 2 29 3 18 2 20 2 17 2 19
202 409 p5 17 3 28 2 27 3 18 4 29 4 20 3 17 3 31
202 410 p1 23 3 21 4 26 4 28 2 17 4 29 3 28 2 20
202 411 p2 28 2 17 4 21 4 22 2 19
203 412 p4 28 3 20 2 31 2 25 4 20
203 413 p3 23 3 22 3 26 4 22 2 25 3 31 4 23 2 27 4 19
204 414 p1 30 2 27 2 26 3 26 4 20
204 415 p4 24 3 28 2 31 2 29 2 25 4 29 3 29
205 416 p4 17 3 17 3 18 2 22 2 27 2 21 3 18
205 417 p3 26 2 22 4 21 2 31 2 17 3 25 3 21 2 30
205 418 p1 29 3 20 2 26 3 24 2 28
206 419 p3 31 2 21 4 27 3 21 4 25 4 19 2 18 4 18
206 420 p1 19 3 24 2 31 2 26 2 30 3 24 2 17 3 19 2 27
206 421 p4 31 3 29 2 25 2 19 4 18 2 18 2 23
207 422 p4 21 3 17 4 29 4 17 2 27 4 20 4 20 3 29 2 17
207 423 p5 29 4 25 4 22 2 31 4 22 3 23 4 18
208 424 p1 17 2 25 2 23 2 22 2 18 4 21 3 22 3 22
208 425 p5 19 4 29 4 28 3 29 3 17 2 23 2 22
209 426 p4 23 3 20 4 21 4 27 4 19 4 31 2 26 3 18
210 427 p5 25 2 31 4 22 2 30 3 30 3 28 4 21
210 428 p3 17 2 22 3 30 3 22 2 22
210 429 p1 20 3 28 3 24 3 20 4 18 4 26
211 430 p3 23 4 21 2 22 4 27 3 30 2 26
211 431 p3 24 3 20 4 25 3 21 3 18 4 20 4 17 4 18 4 23 3 23
212 432 p5 24 2 22 4 28 4 31 4 25 3 23
212 433 p1 20 2 29 4 25 4 27 3 24 3 23 2 29 2 25
212 434 p2 20 3 18 4 17 2 21 2 24
213 435 p4 29 2 19 4 19 3 25 3 30
214 436 p3 30 2 22 3 31 2 28 4 24 3 28 4 27
214 437 p5 18 2 17 3 24 2 28 3 17 3 17 3 21 2 26
214 438 p4 28 4 29 2 23 3 24 3 27 3 27 2 28 4 18 4 17
215 439 p1 31 2 17 4 26 4 24 3 17 4 23 3 23 2 27 2 28 2 24
216 440 p5 27 4 17 3 19 2 27 4 31 3 22 2 23 4 21
217 441 p1 30 4 30 4 21 4 28 3 28 2 24
217 442 p2 27 3 18 4 26 2 19 2 27 4 19
218 443 p1 21 3 23 3 23 3 20 3 17 3 26 3 28
218 444 p5 23 2 19 4 21 4 26 3 31 4 29 2 20
218 445 p2 23 4 19 3 31 2 25 2 22
219 446 p2 24 3 24 2 27 3 19 3 26 4 26 4 24 3 22 2 19
220 447 p1 19 3 26 2 19 4 22 2 25 3 29 4 26 2 27 4 18 2 24
220 448 p2 18 2 19 4 19 2 21 3 19 2 30 2 30
220 449 p3 29 3 28 3 24 2 18 4 29 2 28 2 18 2 30 4 30
221 450 p4 17 4 26 2 24 3 27 3 20 4 31 2 31
222 451 p1 19 4 25 3 31 4 19 4 28 4 31 4 29 4 21 3 23
222 452 p5 20 2 25 3 17 3 17 2 20 4 29 2 27 4 23
222 453 p3 24 4 25 2 19 2 24 4 25 4 26 2 30
223 454 p2 23 4 19 3 26 4 21 4 29 4 17 4 22 3 29
223 455 p4 27 2 25 2 17 2 20 4 17 4 17 3 18 3 29
223 456 p4 29 3 29 3 23 4 25 4 20 2 20
224 457 p3 31 2 28 4 22 3 28 4 29 4 25 4 28 4 25
224 458 p3 31 4 29 4 17 4 23 4 27 2 31 4 18
224 459 p3 21 4 17 3 20 3 26 3 26 4 25 4 27 4 25 4 17 3 19
225 460 p2 24 4 30 3 18 2 25 2 28
225 461 p2 26 2 23 4 22 2 27 3 27 4 29
226 462 p5 17 2 20 4 17 3 27 2 21 4 17
227 463 p3 28 4 30 4 19 3 26 4 21 4 26
228 464 p1 22 4 21 3 31 4 31 4 22 2 26 2 18 3 29 4 26 2 31
229 465 p2 26 3 18 3 21 4 29 3 31 2 27 3 20 4 17 4 25
229 466 p4 29 4 21 3 29 4 28 2 28 3 26 2 24 3 31
229 467 p3 26 2 31 4 21 2 22 3 30 2 26 3 27 4 29 4 20 2 30
230 468 p3 20 3 30 2 29 3 25 3 21
231 469 p5 28 4 29 2 18 3 18 4 27 3 23 4 29 4 26 3 21
232 470 p2 23 3 26 4 20 3 31 3 23 3 17 2 21
232 471 p5 23 3 18 2 20 2 23 3 17 2 31 4 19
232 472 p1 30 3 31 4 18 3 21 4 17 3 26 4 21 4 18 3 31
233 473 p1 25 4 25 2 24 3 29 3 27 4 30 3 19 2 18 3 29
233 474 p4 24 4 25 3 21 3 17 2 30
234 475 p2 26 2 20 3 30 4 21 2 19 4 22
234 476 p2 30 3 29 3 22 3 28 2 27 3 25 2 20 2 30 4 27
234 477 p1 18 2 29 2 31 4 27 2 18 3 29 4 24
235 478 p1 26 3 26 2 25 4 17 4 25 2 22 4 21 3 26 2 25 2 26
235 479 p5 18 3 28 3 20 4 17 4 26 4 28 3 30 2 26 2 24
236 480 p5 29 2 31 4 18 3 28 4 30 2 26 3 29 3 19 4 21 2 27
236 481 p4 29 2 27 2 27 2 23 2 30 2 23 2 28 2 28
236 482 p5 18 4 29 3 30 4 25 3 29 2 23 2 26
237 483 p2 17 3 17 4 18 2 23 3 18 3 25 3 29 3 23 2 23
237 484 p3 25 2 17 2 28 2 31 4 30
238 485 p2 17 4 19 3 22 4 21 3 20 4 20
239 486 p2 22 2 18 2 17 3 20 3 21 4 28 4 28 4 17 3 20
239 487 p3 17 4 17 3 31 3 18 3 30
239 488 p5 25 4 31 4 19 4 24 4 31 3 23 3 28 4 30 2 17
240 489 p3 18 3 29 2 27 3 25 2 19 4 17 3 26 4 17
240 490 p1 21 4 17 2 25 3 22 3 19 2 19 2 31 2 23 3 20 4 28
241 491 p2 26 4 19 4 31 4 17 2 27 3 29
241 492 p4 20 4 31 3 31 2 17 4 29 3 27 2 21 4 28 4 26 3 25
241 493 p3 28 3 26 3 21 4 22 4 29
242 494 p4 19 3 20 3 18 4 17 2 21 3 20 3 20
242 495 p4 24 2 20 4 22 4 20 4 23 3 28
242 496 p5 27 3 21 2 20 4 20 3 17 4 30 3 27 4 28 2 25 4 17
243 497 p1 20 3 28 2 23 2 20 2 18 2 23
243 498 p5 29 3 30 3 19 2 17 3 23 3 23 3 18
244 499 p4 17 2 20 2 31 3 22 2 29 2 25 4 26 2 22 2 26 4 25
244 500 p4 27 2 26 2 19 2 23 4 25 3 19
245 501 p5 27 3 19 2 25 3 23 4 22 4 20 4 20 3 29 4 23
245 502 p5 28 2 23 4 20 3 22 2 26 2 19 4 19 3 18 3 29 4 21
245 503 p4 23 3 23 2 20 4 26 3 21 2 27
246 504 p3 17 2 17 4 23 3 21 4 17 4 23 2 29
246 505 p2 20 3 17 4 23 2 21 4 27 3 25 4 19 2 21 2 29 4 24
246 506 p2 25 4 31 2 18 3 27 4 18 4 22 3 20
247 507 p1 29 3 22 2 22 4 25 4 19 4 22 4 26 3 30
247 508 p2 23 4 26 3 28 3 28 4 26 4 19 2 22 2 26 4 24 4 22
247 509 p5 26 2 25 2 28 3 29 2 21
248 510 p1 20 4 23 4 22 4 28 2 30 4 24 4 23
248 511 p2 28 3 31 3 19 3 27 2 24 3 25
248 512 p4 31 2 26 3 19 2 18 2 29 4 23 3 23 3 27
249 513 p3 18 3 21 2 19 4 17 3 18 2 23 2 20
249 514 p1 25 4 31 2 31 3 17 2 28 3 20 3 19 3 30 3 22
249 515 p4 19 3 25 4 26 2 21 4 21 3 18 3 18 3 21
250 516 p4 19 4 28 3 31 2 30 4 21 2 30 4 21 2 21
251 517 p3 27 3 26 2 23 2 29 2 18 3 23
251 518 p1 18 2 28 4 26 4 20 3 17 4 29 2 20 2 26 4 18 3 27
252 519 p3 25 3 30 4 18 2 17 3 24
252 520 p1 24 4 24 4 18 2 20 2 30
253 521 p4 29 4 26 4 30 4 21 3 21
254 522 p4 27 3 17 2 26 4 30 4 29 4 25 4 28
254 523 p5 19 2 21 2 31 4 30 4 31 4 20
254 524 p1 31 2 27 3 31 4 25 4 26 4 25 2 29 3 29 2 27
255 525 p5 28 2 31 2 28 3 29 3 18 3 24 2 24 3 19 4 28
256 526 p4 18 3 27 3 27 3 28 4 24 3 29 3 28
257 527 p5 21 3 22 2 19 3 22 2 19 3 18
257 528 p3 31 2 30 3 19 2 19 4 18 2 26
257 529 p1 25 4 18 4 19 3 20 2 20 4 28 3 22
258 530 p3 25 3 22 2 29 4 31 4 18 4 19 2 18 2 26 4 18 2 26
258 531 p3 20 2 18 4 17 3 18 2 18 2 26 3 30 4 31 3 27 2 28
258 532 p5 30 4 20 3 22 3 19 4 22 2 27 3 24 4 24 4 24 3 24
259 533 p1 30 4 24 4 30 4 25 3 21
260 534 p2 27 2 19 2 28 2 22 2 30 4 27 3 31 3 19 2 31
260 535 p4 28 4 23 2 17 3 20 4 31 4 19 2 23 3 20 2 19 2 30
260 536 p3 22 3 18 4 31 4 29 4 27 3 22 3 22
261 537 p5 30 3 18 4 30 3 22 4 27 3 21 3 19 4 23 4 19 2 30
261 538 p4 29 2 23 3 30 2 18 2 30 3 20 2 25 4 27
261 539 p1 27 4 29 3 25 4 21 4 30
262 540 p5 22 2 19 4 20 3 31 4 31 4 31 2 23 2 22
262 541 p1 24 4 25 3 19 3 25 3 30
262 542 p2 22 3 20 4 28 4 20 2 21 2 23 4 25 4 17 2 21 3 24
263 543 p1 26 4 24 2 17 3 28 3 28 2 18 2 30
263 544 p5 29 2 18 4 31 4 24 4 26 2 21
263 545 p2 22 4 17 2 30 4 27 2 30 3 29 4 28
264 546 p2 22 4 24 2 25 3 21 3 21 2 20
264 547 p1 26 3 21 2 27 4 29 2 31
264 548 p2 29 2 17 3 23 2 20 3 25 2 26 2 22 2 23 4 31
265 549 p3 17 4 26 4 27 3 18 2 22 2 24 2 28 3 30 4 25 2 17
266 550 p4 29 4 26 2 25 2 22 3 29
266 551 p1 22 2 31 3 29 3 25 2 24 2 20 3 25 2 21 4 26
267 552 p5 29 4 20 2 30 3 29 3 29 2 28
267 553 p3 26 2 17 4 22 3 17 4 17 2 28 4 31 4 27 3 19 4 21
267 554 p2 27 3 30 2 21 4 17 2 31
268 555 p4 20 3 22 4 20 4 27 2 18 4 26 3 26 4 19
268 556 p4 29 2 22 2 21 3 25 3 21
268 557 p3 27 4 20 2 21 3 22 2 17 3 27 4 24 4 22 2 25 2 31
269 558 p3 30 3 19 3 17 2 21 2 19
269 559 p3 21 3 30 3 29 4 17 3 26 2 22 3 25 2 28
270 560 p2 25 3 21 2 31 4 18 3 27
271 561 p2 20 2 23 2 25 3 23 2 30 2 27
272 562 p5 25 2 28 2 22 4 27 3 25 4 25
272 563 p3 18 4 24 3 23 3 29 3 30 4 30 2 28
273 564 p1 23 3 28 4 21 3 20 2 21 3 27 2 26 3 17 3 29 2 30
273 565 p2 28 4 28 2 17 3 25 2 29
274 566 p4 28 2 28 4 18 2 22 3 30
274 567 p3 29 2 18 3 27 4 24 3 21 4 26 2 25 2 21 2 18
274 568 p3 29 3 31 2 31 3 28 4 21 4 24 2 22 2 27 4 18
275 569 p5 31 2 18 3 30 2 29 4 22 4 24
276 570 p2 23 3 31 3 26 4 28 3 29
277 571 p5 24 4 31 3 27 3 26 3 22 2 27 4 30 2 20 3 28 4 19
277 572 p1 31 3 26 4 30 3 25 3 28 3 18 3 17 4 27
278 573 p1 18 3 27 2 20 4 27 4 25
278 574 p4 28 4 22 2 19 4 23 2 24 2 22 3 24 3 23 4 21 2 27
278 575 p2 26 2 26 2 25 4 29 4 24
279 576 p2 23 3 28 3 30 2 28 2 27 4 19 2 29
279 577 p1 28 4 28 4 30 2 29 2 24 4 25 2 20
280 578 p1 27 3 20 3 23 2 21 2 23 3 23
281 579 p5 18 4 20 4 17 3 18 3 24 2 31 4 17 2 18 2 18
281 580 p5 29 2 23 4 30 4 31 4 20
281 581 p4 21 4 19 3 18 4 22 2 30 3 24
282 582 p5 17 3 20 2 26 4 19 3 26 3 23 3 19
282 583 p2 31 3 24 3 30 4 25 3 24 3 26 2 31 3 23 2 19
282 584 p3 30 3 19 2 22 3 30 4 21 3 26 3 27 4 21
283 585 p2 27 4 23 3 31 4 28 2 26 2 26 3 29 2 21 2 27 4 25
283 586 p2 29 2 28 4 18 3 18 3 22 3 21
284 587 p3 23 4 28 3 24 2 22 2 24 3 27 2 19
284 588 p5 20 2 31 4 21 2 27 4 28 2 20 2 30 3 27
284 589 p3 24 2 31 3 20 2 31 4 28 4 28 3 28 2 26 4 20
285 590 p1 20 3 21 3 25 2 28 2 20 3 21 2 30 4 31
286 591 p2 23 4 28 4 22 2 20 2 24 2 25
286 592 p4 24 4 19 2 20 3 28 4 31 4 29 3 20 4 23 4 30 2 28
287 593 p3 18 2 22 3 27 4 28 3 25 4 19 2 19
287 594 p4 19 2 22 3 30 4 20 2 17 3 18 2 22 2 25 4 19 3 21
287 595 p4 19 2 17 2 24 4 23 4 22 4 19 4 22
288 596 p5 28 4 29 3 29 3 31 3 23 4 31 3 25 3 21
289 597 p1 31 3 24 2 25 3 28 3 18 2 23 4 28 3 26 4 20 2 21
289 598 p5 20 4 17 3 26 4 19 3 21 3 23 2 23 2 24
289 599 p4 28 4 21 4 25 2 28 3 22 3 20 4 30 4 31 3 27
290 600 p4 22 4 21 2 31 3 19 4 25 4 28 3 28 3 24
290 601 p5 29 3 17 3 22 4 20 3 25 3 28 2 30 2 28 3 30 3 24
291 602 p5 29 4 23 3 28 4 29 2 31 4 23 2 20 2 19 3 30 4 21
291 603 p4 20 2 26 4 21 2 28 4 27
291 604 p3 29 3 20 3 17 3 21 3 21 2 20 4 30 3 20 4 23
292 605 p2 29 3 27 2 17 2 20 4 31 3 24
292 606 p2 17 2 17 2 18 3 30 3 30 4 19 4 18 2 24 2 27
293 607 p1 29 2 20 2 25 4 26 3 31 2 19 2 30 4 23
294 608 p2 30 2 30 2 26 2 28 3 22
294 609 p5 23 4 30 3 26 2 25 2 25 2 28 3 24 2 31 3 20
294 610 p1 18 4 24 2 26 2 18 2 27
295 611 p2 23 2 31 3 23 4 31 2 17 4 31 3 19
295 612 p4 25 2 29 4 29 2 24 2 26
296 613 p3 25 3 22 4 25 3 20 3 20 3 29
296 614 p1 22 4 18 4 18 3 20 2 27 2 19 4 21 2 26
297 615 p4 25 2 30 3 29 3 17 3 28 4 27 3 18 4 21
297 616 p4 22 2 23 4 22 4 27 2 20 3 30
297 617 p3 31 3 23 2 29 4 30 4 20
298 618 p1 30 3 30 2 31 3 17 2 18 4 21 2 31
298 619 p3 26 3 30 3 27 3 26 2 24 3 28 2 27 4 23 2 22
298 620 p1 18 2 23 2 23 3 26 3 28
299 621 p4 24 4 21 2 31 2 27 4 28 4 30 3 17 4 18 2 23
299 622 p4 26 4 20 2 19 2 20 2 18 3 26 4 23
299 623 p5 22 3 26 2 22 3 17 4 18 4 18 4 30
300 624 p1 21 3 22 3 22 3 19 4 29 4 18 2 17
301 625 p5 23 2 30 2 26 2 29 2 29 3 22 3 20
302 626 p4 22 2 21 3 17 2 31 3 20 4 24 3 20 4 25 4 29 3 28
303 627 p5 28 2 24 4 20 3 19 2 29 2 30 3 24 3 23 3 18 3 19
303 628 p3 29 2 18 2 28 4 21 3 29 2 24 2 28 2 28 3 30
303 629 p1 23 3 21 2 23 3 24 3 19
304 630 p3 19 3 27 3 21 4 31 4 24 4 31 3 24 2 25 3 21
304 631 p3 26 2 26 2 29 2 18 2 24 4 20 2 31
305 632 p5 19 3 17 4 31 4 31 3 22
306 633 p1 31 4 28 3 23 4 27 2 30
307 634 p2 25 3 20 4 26 4 25 4 17 4 29
308 635 p4 20 2 30 2 26 2 18 4 31 3 31 2 27
308 636 p3 24 2 24 4 17 3 19 2 22 3 31 4 26
308 637 p5 25 4 24 4 25 4 19 3 31
309 638 p4 17 2 19 2 23 2 21 3 19
309 639 p1 19 4 27 2 24 3 25 4 28
309 640 p5 23 4 25 3 30 4 29 4 27 2 17 2 18 2 30
310 641 p1 21 3 29 4 31 3 20 2 31 2 27
311 642 p2 20 4 24 3 24 3 29 4 27 3 31 2 22 4 22 3 27
311 643 p1 26 3 23 2 29 2 27 4 20 3 18 3 18
312 644 p5 29 4 29 3 19 4 31 2 28 4 18 3 29 2 29 4 20
312 645 p2 25 4 31 3 20 3 25 4 31 4 22 4 21 3 23
313 646 p2 19 3 18 2 18 4 20 2 30
313 647 p1 20 3 30 3 21 2 17 3 19
314 648 p2 24 3 19 4 23 4 23 2 30
314 649 p3 28 4 22 3 21 3 19 3 21 2 30 2 27 4 23 4 26 4 31
314 650 p4 21 4 20 2 29 4 29 4 18 3 27 2 27 4 25 2 25 2 26
315 651 p1 23 3 31 3 22 3 22 4 17 3 29
316 652 p5 19 2 21 2 30 2 21 3 18 4 29 4 19 2 21 3 17
317 653 p3 25 4 25 2 26 3 30 2 17 3 25 2 24
317 654 p2 21 3 20 2 29 3 27 3 23 2 27
318 655 p4 29 3 21 4 27 2 27 3 18 3 30 4 20 4 21 4 26 3 28
318 656 p4 18 4 20 3 27 3 23 4 24 2 17
319 657 p3 30 2 30 3 17 2 24 4 30
319 658 p3 24 3 28 3 18 3 25 4 25 4 25 2 28 2 24
320 659 p3 21 3 20 2 23 3 18 4 20 3 29 2 23 4 24 4 23 4 18
320 660 p2 30 3 19 4 20 2 20 4 28 4 24
320 661 p2 28 3 29 4 23 2 29 2 26 3 18
321 662 p5 19 2 31 4 28 3 29 4 21 4 23 2 29 2 20 4 21 4 17
321 663 p3 20 3 21 3 24 2 22 2 28 3 17 2 22 3 21
322 664 p1 23 4 25 2 22 3 29 4 21 2 26 3 17
322 665 p2 27 4 20 4 25 3 28 3 26 3 20 3 21 4 26 2 23
323 666 p4 21 2 31 2 17 4 18 3 23 4 28
324 667 p3 18 3 29 2 18 2 19 4 17 4 30 2 25
324 668 p3 30 2 30 2 20 3 28 4 23 4 30 3 28 3 30 3 31 2 19
325 669 p5 27 4 25 4 27 3 25 2 22 3 20 2 26 4 26 4 27
325 670 p2 20 2 18 4 20 4 18 2 21 2 18
325 671 p5 24 2 28 4 25 4 28 2 22 3 25 4 22 3 21 3 30
326 672 p1 26 4 20 3 23 4 31 3 24 4 26 4 20
326 673 p1 25 3 28 3 25 4 27 2 21 3 31 4 19
327 674 p4 25 4 30 2 25 2 28 2 27 2 18
327 675 p2 20 4 30 3 20 2 19 3 22 2 17 2 19
327 676 p2 20 2 26 4 27 4 19 3 25 4 20 2 26 4 28
328 677 p1 22 4 22 2 22 4 21 4 24 3 28 3 19 4 18 3 17
328 678 p1 19 3 18 3 25 2 29 2 30 2 25 3 22 3 27 2 26
328 679 p5 30 2 24 4 25 4 24 3 17 4 23 3 24
329 680 p5 17 4 29 4 21 3 31 2 27 4 22 4 18 2 22 2 31
329 681 p4 29 2 27 2 29 2 30 4 31 3 31 4 18 2 21
330 682 p5 25 3 26 2 20 4 20 4 30 4 30 3 17 4 30 2 31
330 683 p2 21 3 23 2 20 3 29 2 21 3 18 4 25
331 684 p3 23 2 22 3 17 2 24 3 26 3 27
331 685 p2 21 3 26 4 17 4 26 2 19 4 22 4 31 2 18 4 29
331 686 p2 21 2 19 3 19 3 30 4 27 4 23 4 30 2 17 4 19
332 687 p3 19 3 31 2 30 4 23 4 17 2 20 4 23 2 18 3 19 2 18
332 688 p5 28 4 21 2 30 2 28 4 19 4 21
333 689 p3 17 4 25 4 26 4 18 2 31 4 24 2 28 3 18 3 31
333 690 p1 31 3 27 2 29 3 31 2 31 3 27 3 19
334 691 p2 28 2 21 3 29 4 23 2 25
335 692 p4 22 2 31 2 31 3 26 4 17 4 28 4 27 4 29
335 693 p3 22 4 31 3 31 4 28 2 23 3 21 4 18 2 19
336 694 p4 27 4 17 2 26 3 25 3 17 3 25 2 31 2 26 4 30
336 695 p4 22 3 21 2 24 3 25 2 26 3 29 3 29
336 696 p5 29 4 20 3 29 3 28 3 31 3 27
337 697 p1 22 2 20 3 17 2 31 2 20 4 26 3 29 2 28 3 22 4 17
337 698 p5 26 3 17 3 21 3 27 3 18 2 28
337 699 p4 24 2 21 2 27 4 22 4 18 4 18 2 21 4 17 4 19
338 700 p4 18 3 17 2 21 3 26 2 29
339 701 p5 22 2 20 4 20 3 31 2 29 2 19 4 18
339 702 p5 30 2 23 4 27 4 24 3 30 4 22 3 19 2 28 3 20 3 28
340 703 p4 20 2 24 2 29 4 22 4 19 3 19 3 31 4 26 2 22
340 704 p3 21 2 27 4 17 2 19 2 23 4 23 4 25 4 26 2 24 3 25
341 705 p2 29 3 27 3 23 3 19 2 31 4 22
342 706 p2 23 2 24 4 29 2 22 3 25 2 26
342 707 p1 29 3 21 4 29 4 30 2 25 3 20 3 26 4 31 4 31
343 708 p2 27 2 31 2 26 3 24 2 26 4 25 2 20
344 709 p5 21 4 29 2 18 3 26 4 17 4 23
344 710 p1 30 4 25 3 27 3 19 3 31 2 26 2 21 4 28
344 711 p2 30 4 22 2 25 3 29 4 23 3 27 2 25
345 712 p4 26 3 26 3 28 4 24 3 22
345 713 p3 24 2 27 4 20 2 23 2 31 3 23 4 19
346 714 p1 21 2 22 3 25 3 31 3 25 4 23 2 25 4 25
347 715 p4 18 2 30 2 27 4 22 2 25 2 18 2 31
347 716 p4 18 2 17 2 24 3 18 4 26
348 717 p3 28 4 22 4 27 4 30 2 31 2 28
348 718 p1 27 3 18 4 31 4 21 2 25 4 20 3 31
348 719 p3 24 2 20 2 24 3 25 2 17 3 18 2 17 3 17
349 720 p1 25 3 24 3 24 3 18 3 23 3 28
350 721 p4 17 4 18 3 20 4 20 2 18
350 722 p4 21 3 28 4 22 4 31 2 31
351 723 p5 20 4 24 2 27 3 29 3 20 2 23 2 31
351 724 p1 29 2 23 2 30 4 24 4 30 3 30 4 28 3 23
352 725 p5 29 2 29 3 29 4 17 4 30 3 22 3 25
353 726 p4 23 4 29 2 25 4 17 2 19 4 25 3 22 4 28 2 27 3 18
353 727 p5 21 4 19 3 23 4 25 4 17 4 18 2 28
354 728 p3 28 2 21 3 25 2 21 4 29 3 30 2 20 4 30 3 22 3 30
354 729 p1 21 4 28 3 27 2 18 3 18 3 24 2 26 4 31 4 21 2 26
354 730 p3 31 2 19 3 21 3 26 3 18 4 29 3 17 3 21 3 21 2 24
355 731 p3 23 4 31 4 21 2 24 2 27
355 732 p5 30 2 21 4 31 2 28 3 24 2 31 2 26
355 733 p1 24 2 17 3 22 4 21 4 28 3 20 3 19 2 17
356 734 p2 24 2 24 4 28 2 25 3 19 2 26 2 19
357 735 p4 20 2 31 4 22 2 30 4 23 4 17
358 736 p3 27 4 22 4 31 4 17 3 30 4 29 4 25 2 31 3 24
359 737 p5 18 3 28 4 30 4 18 3 17 4 22 3 26 4 31 2 25
359 738 p4 25 4 29 2 25 2 23 3 17 4 18 4 21 4 17 2 22 2 27
359 739 p1 23 3 27 3 29 3 31 2 30 2 25 2 24 3 17 3 24
360 740 p5 20 4 21 4 17 4 20 3 18 2 25 2 21 4 29
360 741 p1 26 3 29 4 26 3 25 3 22 3 30 3 18 3 26
360 742 p2 26 2 30 3 22 3 20 3 23 4 30 4 19
361 743 p1 22 2 17 4 19 4 26 3 23 3 20 4 29 2 25 3 24
361 744 p5 19 2 28 3 18 3 20 4 28 2 18
362 745 p2 27 2 29 2 31 3 28 2 24 4 27 3 20 3 23
362 746 p2 26 3 27 4 28 2 17 4 24 4 29 2 22 2 27 4 27
362 747 p1 25 2 26 4 31 2 27 2 26
363 748 p2 28 3 27 2 20 3 29 2 19 4 22 4 30 3 30 3 17
363 749 p3 21 4 28 3 22 4 26 2 24 2 31 2 28
364 750 p4 26 2 17 3 22 4 30 3 28 2 24 2 17
365 751 p1 20 2 21 4 30 2 28 2 29 2 18 4 30
366 752 p5 23 4 19 4 22 4 20 3 23 4 26
366 753 p3 21 4 19 4 19 2 18 2 29
367 754 p2 24 4 18 2 19 4 19 3 19 2 23
367 755 p4 31 4 17 4 23 2 30 3 20 3 26 3 21
368 756 p4 28 3 30 2 28 3 20 4 17 2 27 3 31
368 757 p3 28 3 21 2 18 4 31 4 31 3 19 4 28
368 758 p3 21 2 19 4 28 2 29 4 27
369 759 p3 18 4 30 2 20 3 23 2 22 4 28 3 27 3 21
369 760 p2 27 3 21 2 25 4 17 4 17 2 31 4 21 3 19
369 761 p2 17 3 31 3 18 3 19 3 22 3 18 4 25 4 17 4 25 3 31
370 762 p5 29 4 18 2 31 3 21 4 26 2 25 2 17
370 763 p3 23 3 28 4 19 4 31 2 18
370 764 p1 22 4 20 3 27 4 21 3 28 2 30 4 26 2 22 2 28 3 31
371 765 p2 30 3 18 2 17 3 25 2 19 2 31 3 27 4 22
372 766 p4 22 2 18 4 21 4 28 3 18 2 20 3 29
372 767 p3 31 3 19 2 17 3 20 4 21 4 20
373 768 p3 17 3 29 3 20 4 28 4 30 2 26 3 24 3 19 2 22
373 769 p5 17 2 19 4 17 4 20 4 26 4 18 2 26 4 21 2 27
374 770 p2 30 4 29 3 25 4 25 3 29
374 771 p5 30 3 25 2 18 2 21 4 21 2 20
374 772 p1 21 2 17 3 19 4 20 3 27 4 27 4 29 2 31
375 773 p1 19 2 30 3 25 3 20 4 23 2 26 3 23
376 774 p4 19 4 24 4 31 2 25 4 18 2 28
376 775 p2 29 3 30 2 25 3 26 2 26 4 21 3 21 2 31 4 23
376 776 p2 28 2 20 3 17 2 28 2 29 4 29 2 29 4 17 3 23 3 28
377 777 p1 19 2 23 4 28 3 31 3 31
377 778 p1 25 3 29 4 23 4 22 4 20 2 17 2 24 2 24 3 24 4 27
378 779 p5 20 2 24 3 30 2 25 4 26 4 26 4 20 3 18
378 780 p5 21 2 19 2 27 2 27 2 24
379 781 p4 25 3 24 3 27 3 19 4 28
380 782 p5 22 2 27 2 17 4 28 2 23
381 783 p2 20 3 30 4 19 2 18 3 23 2 20
381 784 p3 18 2 20 4 18 2 19 4 22 4 31 3 23 4 26
381 785 p2 31 3 30 4 30 4 25 4 23
382 786 p2 31 3 25 4 24 2 17 3 19 4 17 4 21 4 28 4 17 3 18
382 787 p3 28 3 24 2 28 2 25 4 20 3 17 2 30 3 22 2 18 2 28
382 788 p5 17 3 25 3 24 4 26 4 26 3 26 3 24 4 23
383 789 p3 29 4 25 2 31 3 30 3 17 2 27 4 18
383 790 p1 27 4 26 2 29 3 25 2 31 3 28
383 791 p2 30 3 22 4 18 3 17 4 29 3 20
384 792 p4 22 3 18 3 19 4 17 3 22
385 793 p3 22 3 28 3 28 4 19 4 31 4 21 4 17 4 28
385 794 p4 30 3 18 3 24 4 20 3 20 4 22 2 30 2 23
385 795 p4 30 4 19 2 29 2 26 3 23 2 27
386 796 p5 27 2 24 2 21 4 17 4 23
386 797 p1 20 4 21 2 30 3 29 4 28
387 798 p5 28 3 23 2 21 2 24 3 23 4 29 3 27
387 799 p4 18 3 23 2 23 2 28 2 27 2 22
388 800 p4 31 4 29 3 28 2 23 4 26
388 801 p5 27 3 28 4 30 2 31 3 20
389 802 p5 29 2 17 2 28 4 27 3 17 3 17
390 803 p4 18 3 31 3 30 2 29 4 25 4 21 2 30 3 31
391 804 p3 22 4 25 4 28 3 20 4 29 3 22
391 805 p2 21 2 17 3 18 2 24 2 31 4 17 3 23
392 806 p2 17 4 28 3 25 3 25 4 30
392 807 p1 31 3 29 3 28 3 23 4 23 4 20 4 29 4 28 4 30
392 808 p2 27 2 18 3 26 2 18 4 20 3 27 3 18
393 809 p5 19 2 18 4 17 4 28 4 31 4 29 4 28 4 31 3 20
393 810 p1 18 4 26 2 25 3 20 3 18 2 31 2 20 4 18 2 30
394 811 p2 18 3 30 4 27 4 30 2 30 3 27 3 19 4 21 3 20 4 20
394 812 p4 26 2 27 3 31 4 27 4 25
394 813 p3 19 3 27 4 21 3 19 2 30
395 814 p1 24 4 21 4 26 3 17 4 29
395 815 p4 18 2 31 4 24 4 30 2 28 2 25 4 30 4 17 2 25 4 21
395 816 p4 18 2 29 3 22 4 31 3 31
396 817 p3 21 3 27 4 22 2 18 3 18 2 25
396 818 p1 23 2 21 2 17 3 29 2 21 2 29
396 819 p3 24 2 31 4 20 3 21 4 22 3 21 4 18 2 30 3 20 3 18
397 820 p1 19 4 17 2 24 4 17 4 25 3 26
397 821 p4 20 4 21 4 19 4 20 3 28 2 26 4 17 2 25 2 29 4 30
398 822 p4 26 4 24 3 29 3 20 2 26 4 29
398 823 p5 24 3 24 2 24 2 21 4 17 3 26 4 28 3 21
398 824 p1 23 4 27 2 17 4 20 2 23
399 825 p5 29 3 22 3 20 4 31 3 24 2 17 3 23
399 826 p4 30 3 19 3 28 3 23 2 17 4 23 3 25 2 23 3 18
399 827 p5 21 4 22 3 17 4 31 2 20 4 26 2 26 2 25 2 30 4 24
400 828 p3 26 4 18 3 21 2 29 3 27 2 21 3 30 4 31
401 829 p1 22 2 19 3 25 3 17 4 23 3 18 4 31 2 25 3 29 4 21
401 830 p3 21 3 21 4 24 4 26 2 31 4 21 3 19 4 31 4 25 3 28
401 831 p3 21 3 24 4 26 2 31 3 30 3 18 4 27 4 21 3 31
402 832 p5 22 2 17 3 25 4 31 2 26 2 28 3 25 2 31 4 22 4 27
402 833 p1 22 2 17 3 24 3 29 2 31 3 23
402 834 p2 20 3 28 2 31 4 24 4 18
403 835 p4 26 3 27 4 19 4 26 4 28 2 21
404 836 p3 31 3 17 4 26 2 20 3 19 2 20
404 837 p5 24 2 20 4 28 3 24 4 23 3 24
405 838 p4 30 2 19 4 30 3 18 2 18 3 21
406 839 p1 20 2 30 4 20 2 23 3 28 3 18 2 19
407 840 p5 19 4 23 4 21 4 20 4 18 3 18
407 841 p1 30 2 23 4 26 2 21 2 23 2 22
407 842 p2 26 3 27 2 21 4 22 3 22 2 27 3 17 2 28 3 27 2 27
408 843 p1 22 2 20 2 18 2 24 2 24 3 18
408 844 p5 23 4 18 3 30 4 29 3 20
409 845 p2 25 3 17 3 31 2 26 2 30 4 17 2 24
409 846 p2 29 3 20 2 19 3 24 4 18
410 847 p1 24 4 27 4 27 2 27 4 24 2 24 3 25 3 24 2 28
410 848 p2 19 4 29 4 21 2 30 3 30 3 19
411 849 p3 31 2 24 3 31 3 31 2 26
412 850 p4 24 4 22 4 23 2 27 3 24 3 23 2 17 4 30 4 26
412 851 p1 18 3 17 4 21 3 19 4 25 3 29 2 26
412 852 p5 27 2 21 3 28 3 27 3 31 3 30 3 18
413 853 p3 25 3 30 3 31 3 25 3 24 4 20 4 29 4 20 4 24 4 27
414 854 p2 27 4 19 4 17 3 18 2 17 2 27
415 855 p4 29 3 28 3 17 3 28 3 26 4 30 4 30
415 856 p4 31 2 30 3 28 4 27 4 31 4 30 4 25 3 22
415 857 p3 31 2 26 2 29 2 26 2 22 4 17 4 26 4 30 4 18
416 858 p3 17 4 23 2 28 4 20 2 31 3 28 4 31 4 18 2 18 4 31
417 859 p3 30 2 25 2 20 4 29 2 28 2 21 2 30 2 31 2 30 2 22
417 860 p2 27 3 26 2 19 3 20 4 22 3 27 2 31 3 25 2 19 4 22
418 861 p2 31 3 18 4 17 2 23 2 20 2 23 4 17
418 862 p5 29 3 29 4 17 3 31 3 31
419 863 p3 29 4 27 4 31 4 19 3 17 2 27 2 28 4 26 3 27 2 30
419 864 p1 28 3 17 4 28 3 28 3 25 2 31 3 25 3 27 4 24 3 27
419 865 p2 18 2 27 4 28 3 26 2 26 3 23 4 24
420 866 p4 25 2 25 4 24 4 30 4 30 4 19 2 31 4 19 3 24
420 867 p3 23 2 24 2 17 2 21 2 28 3 23 4 24 2 27 4 22
420 868 p3 25 2 30 4 24 3 31 4 28 2 28 4 18 4 26 2 22 2 21
421 869 p5 18 3 26 4 29 2 25 4 28 3 25 2 30 2 31
422 870 p2 30 2 20 2 19 4 31 3 26 2 26 3 18 2 20 4 19 2 20
422 871 p5 22 3 25 4 19 2 29 3 25 3 25
422 872 p1 21 2 26 2 26 3 18 3 22
423 873 p1 25 3 24 3 26 2 21 4 17 3 19 2 18 4 30 2 29
423 874 p4 28 3 24 4 19 4 30 4 31
423 875 p2 17 4 17 2 22 3 21 3 27 2 31 3 25 3 21 3 29
424 876 p2 28 4 30 2 17 3 20 2 22 2 23 3 26
424 877 p1 17 2 24 2 29 3 30 2 24 3 26 3 19
424 878 p1 24 2 24 4 23 2 18 3 19 4 26 2 30 3 22
425 879 p5 22 2 23 2 29 4 27 3 29
425 880 p5 17 3 19 4 31 3 21 4 30
426 881 p4 18 4 30 2 27 2 29 2 19
426 882 p5 25 4 27 3 25 4 20 4 29 2 19 3 28 3 29 2 25 2 24
426 883 p2 22 4 25 4 26 3 31 3 24 4 20
427 884 p3 23 4 22 2 29 4 18 4 29
428 885 p2 23 3 17 3 21 2 27 2 30 2 25 2 24 2 28 3 23 2 30
429 886 p2 25 3 27 4 28 2 31 3 29 2 31 3 20 3 20 3 20
429 887 p3 28 4 28 3 18 3 23 3 21 4 29 2 19 4 28 2 29
429 888 p5 26 3 31 3 24 3 23 4 25 2 25 3 26 2 21 2 30
430 889 p3 20 2 30 2 29 3 25 2 18 3 31 2 23 4 30
430 890 p1 23 4 19 4 22 4 31 2 20 3 31 2 30 3 29 4 24
430 891 p2 20 2 20 2 25 2 17 2 24 3 23 2 23
431 892 p4 21 3 19 2 28 4 22 2 20 3 28 3 21 2 28
432 893 p3 23 2 31 2 26 3 29 4 22 2 23 2 21
432 894 p4 29 4 26 2 24 4 26 3 17 3 27 2 31
433 895 p4 27 4 29 2 18 4 24 2 28 3 26 2 26 4 25 3 31
433 896 p5 19 2 17 3 20 3 20 3 19 2 29
434 897 p1 17 2 27 4 27 2 27 2 21 3 20 2 24 3 26 3 31 2 31
435 898 p5 18 3 19 2 17 4 21 4 28 3 26
435 899 p4 19 4 17 3 27 4 17 3 30 3 18 2 23 3 19
435 900 p4 22 4 21 4 28 3 22 3 26 4 28 2 18
436 901 p5 25 2 24 2 25 2 31 2 18 4 18 4 21 3 29
437 902 p5 26 3 29 3 17 3 31 4 21 4 19 3 18 2 29 4 28 4 25
437 903 p4 26 3 25 3 23 2 22 4 27 2 18 4 29
438 904 p3 29 2 28 2 28 2 22 3 18
438 905 p2 22 3 20 4 20 4 23 2 28 4 20 4 26 2 19 4 18 2 20
438 906 p2 20 4 29 3 17 2 30 2 28 3 31 3 26
439 907 p1 21 2 31 2 28 4 24 4 20 2 28 2 31
440 908 p2 20 4 24 4 18 2 21 4 21 2 29 2 27 2 23
441 909 p5 28 4 17 4 27 4 29 2 23 4 17 3 22 3 22 4 20
442 910 p1 29 2 21 2 30 2 27 4 30 4 27 4 28 3 22
443 911 p2 21 2 20 4 25 2 29 3 28 2 31 3 31
443 912 p4 26 4 27 4 29 3 22 4 25
443 913 p3 27 2 29 4 26 2 18 2 20 2 18
444 914 p1 18 4 20 3 18 2 18 3 24 4 24 4 24 2 26 3 20 4 27
444 915 p4 26 4 21 4 18 4 17 3 20 4 19
444 916 p4 24 3 30 3 26 2 23 2 20 4 26 4 29 3 21
445 917 p3 26 3 25 3 31 2 23 2 17 4 30 2 24 4 20 2 24
445 918 p1 28 4 25 3 25 2 29 4 26 4 18 3 27
445 919 p3 29 4 28 4 20 3 24 4 24 3 23 2 31 3 19 2 24
446 920 p1 23 4 22 2 21 4 22 3 27
447 921 p4 23 4 17 2 21 4 21 2 20 3 29 2 25 2 20
447 922 p4 19 3 30 2 29 4 25 4 25 3 23 4 25 3 19 4 22
447 923 p5 24 3 31 4 26 2 31 3 25 4 21 4 24 2 22
448 924 p1 30 2 23 2 21 4 20 2 26
449 925 p5 28 3 20 3 17 3 20 3 21
449 926 p4 17 2 24 3 21 4 26 2 27 2 30 3 28 2 27 4 23
449 927 p5 30 3 28 4 22 4 24 4 23 3 20 3 21 2 21 3 31 3 31
450 928 p3 24 3 19 3 26 4 25 4 20 3 25
450 929 p1 31 3 21 4 18 4 29 4 29 3 25
450 930 p3 28 4 21 3 30 2 25 2 26 4 17 3 26 2 20 4 22 2 22
451 931 p3 28 3 20 3 21 4 27 3 19 4 20
451 932 p5 26 3 23 2 26 2 26 3 30 4 17 4 30 3 25 3 25 2 21
452 933 p1 24 2 23 4 21 4 17 2 18 2 25 3 31 3 21
452 934 p2 30 4 18 3 25 2 30 4 31 2 25 3 30
453 935 p4 31 2 22 4 31 4 24 2 19 3 31 2 18 3 27
453 936 p3 17 3 20 3 22 4 20 3 18 3 27 3 26 3 19
453 937 p5 30 3 28 2 29 2 21 3 27
454 938 p4 27 4 24 4 21 2 28 3 31 4 20 4 17 4 29
455 939 p1 31 4 31 2 26 3 18 3 28 4 22
455 940 p5 24 4 24 3 22 3 31 2 24 4 22 4 19 2 25 2 27
455 941 p1 29 4 18 2 22 4 28 4 29 3 30 2 22 4 18 4 18 3 20
456 942 p2 25 2 17 2 25 3 17 3 21
457 943 p1 30 2 21 2 26 2 22 2 18 2 26 3 28
457 944 p5 28 3 30 4 26 4 23 2 26 2 25 3 27 4 22 2 23
458 945 p2 21 4 25 3 20 2 17 4 28 2 21 4 30
458 946 p2 20 4 21 3 17 2 25 2 23
458 947 p1 21 3 27 4 31 2 27 4 18
459 948 p2 30 3 21 2 18 3 30 4 29
460 949 p3 24 4 17 4 26 4 18 2 25 3 18
460 950 p4 30 4 17 3 27 3 26 4 23
460 951 p1 23 4 30 3 22 2 19 3 24 4 22 2 25 4 22
461 952 p5 31 2 28 3 19 2 19 4 24 2 17 3 17 2 20 3 29 2 28
462 953 p3 24 4 18 3 27 4 17 2 31
462 954 p2 31 2 31 4 22 2 17 2 31 2 19
463 955 p4 31 4 30 2 26 2 23 4 24 2 28 2 19 3 28 3 18 3 19
463 956 p4 26 2 29 3 24 4 21 4 19 3 27 4 22 3 28 2 18 2 18
464 957 p3 31 2 18 3 31 2 27 2 17 2 28 3 30 4 19
464 958 p3 28 3 31 4 24 3 19 4 30
464 959 p3 28 3 26 2 27 2 24 4 18 3 24 3 26
465 960 p2 20 3 23 3 18 3 30 3 26 4 22 3 27 2 24 3 19
465 961 p2 20 2 19 2 19 4 30 3 17
466 962 p5 30 3 25 4 30 3 18 4 25 4 19
467 963 p3 31 2 19 2 17 4 26 3 20 2 21 2 19
467 964 p1 17 2 22 4 22 3 19 4 22 2 25 4 20 2 28
467 965 p2 27 4 22 3 27 2 22 3 21 4 23 4 28 3 30
468 966 p4 31 4 20 3 31 2 22 2 19 4 25 4 18
469 967 p3 23 4 23 2 17 4 28 2 24 3 19 4 26
470 968 p3 22 4 19 3 22 4 21 4 31 4 31 3 26
470 969 p5 23 4 20 4 17 3 22 2 23 4 25 2 31 2 25
471 970 p2 31 3 20 4 22 3 25 4 29 4 27 3 23
471 971 p5 23 4 28 2 29 2 22 2 21 4 19 2 21 2 28 4 17
472 972 p1 26 2 31 3 28 3 17 3 30
472 973 p1 20 4 25 2 20 4 26 3 23 2 25 2 22 4 20 2 17 4 27
472 974 p4 19 3 29 3 22 4 26 4 21 2 22
473 975 p2 19 4 22 2 22 2 23 2 25 3 28 4 18
474 976 p2 29 4 18 2 31 3 24 3 27
474 977 p1 28 4 20 2 28 2 26 4 28 2 31 2 21 4 31 2 31
475 978 p1 21 3 28 4 22 3 21 2 20
476 979 p5 27 3 29 4 22 2 20 2 17 2 20 4 29 4 19 2 20 3 28
476 980 p5 18 2 26 3 31 3 20 2 28 3 24 3 21
477 981 p4 23 3 26 2 29 2 20 3 30 2 24 2 19 4 25
477 982 p5 26 3 23 3 20 4 22 3 21 2 24 2 25 4 21 4 21
478 983 p2 24 2 22 3 21 3 23 3 20 2 26
478 984 p3 21 2 24 2 25 3 19 4 31 3 28
478 985 p2 17 3 18 3 19 4 18 4 22 2 23 4 24 4 28 3 24 2 29
479 986 p2 22 2 29 4 17 4 17 2 29
479 987 p3 20 3 18 3 23 2 31 2 21
480 988 p5 25 3 29 3 21 3 29 4 22
480 989 p3 25 4 23 4 26 4 28 3 22 3 21
480 990 p1 23 2 24 3 26 3 31 2 29 2 27
481 991 p2 31 2 29 4 23 2 26 4 24
481 992 p4 17 4 31 2 21 4 25 3 17 3 21 4 23 4 25
481 993 p3 28 3 18 2 25 4 22 2 21
482 994 p4 20 3 24 4 29 4 17 2 20 4 25
482 995 p4 19 2 30 4 20 2 19 4 21 4 31 4 25
483 996 p5 21 3 26 4 23 3 21 2 19 3 26 4 31 2 28 2 23 4 26
483 997 p1 24 4 26 2 27 4 19 3 31
484 998 p5 25 3 26 4 29 4 23 3 22 3 24 3 28 4 26
484 999 p4 18 3 26 4 20 3 27 3 21 3 17
