0 0 1 6 5 34 8 23 6 20 7 19 5 40 4
0 1 1 5 6 26 6 22 6 22 5 39 5
0 2 1 5 6 26 3 14 5 32 6 19 3
1 3 4 5 3 21 5 29 6 11 3 15 6
2 4 1 6 8 16 4 25 8 36 4 22 5 12 5
2 5 4 5 3 19 4 25 3 15 8 39 4
2 6 3 6 5 37 3 11 3 26 5 24 5 15 4
3 7 1 7 4 29 5 39 4 17 7 30 8 17 8 25 4
4 8 1 6 6 34 7 40 6 11 6 26 4 15 8
4 9 3 5 5 12 3 34 4 20 4 39 8
5 10 5 6 6 15 4 33 3 11 4 40 3 33 5
5 11 5 6 5 18 7 19 5 22 6 19 5 22 7
5 12 3 5 7 35 4 31 5 15 7 40 8
6 13 4 5 4 33 5 39 3 39 4 11 6
7 14 2 5 5 11 6 14 8 16 7 38 6
8 15 5 5 6 10 8 10 7 27 3 33 4
9 16 4 5 3 31 5 22 4 37 7 34 7
9 17 4 6 8 39 3 39 8 25 5 21 6 16 8
9 18 3 7 7 23 4 20 5 24 5 15 4 33 4 10 6
10 19 4 6 8 15 4 38 6 30 6 39 8 33 7
10 20 1 7 7 25 8 29 8 16 8 32 7 22 5 26 4
10 21 5 5 7 35 5 12 5 13 4 23 3
11 22 1 7 8 26 3 22 3 17 3 29 5 39 5 37 7
11 23 2 5 3 36 5 35 8 33 3 32 3
12 24 3 5 5 38 6 25 6 27 5 15 3
13 25 4 6 7 37 5 27 4 21 7 34 8 21 8
13 26 3 7 4 31 3 36 8 39 8 14 7 18 8 22 5
13 27 4 6 4 31 3 39 3 33 8 10 8 25 4
14 28 3 6 3 10 3 37 5 11 3 22 8 14 5
15 29 4 6 3 24 3 36 8 26 3 19 6 32 3
15 30 3 5 3 16 8 18 8 21 8 34 8
16 31 3 6 8 23 3 25 6 31 3 21 6 15 5
16 32 2 6 6 39 7 34 4 36 7 30 5 17 7
16 33 1 5 7 18 4 27 7 21 6 25 8
17 34 5 5 6 34 3 25 5 17 4 27 4
17 35 3 6 4 35 6 25 6 11 4 35 4 17 6
17 36 1 5 5 36 7 11 4 19 4 33 8
18 37 1 5 7 11 4 19 3 18 6 17 4
19 38 1 7 8 20 7 35 3 20 6 16 3 17 8 20 5
20 39 1 6 5 26 7 31 3 40 8 22 6 22 8
20 40 4 5 3 33 8 13 8 27 8 38 3
21 41 3 6 5 14 8 37 7 16 3 16 6 15 3
21 42 1 6 3 20 8 34 4 40 7 23 7 19 3
22 43 3 7 4 33 7 23 3 29 6 13 6 28 8 33 4
22 44 5 7 7 21 7 31 4 12 4 21 3 36 6 37 4
23 45 1 6 7 20 5 26 7 17 7 37 8 38 4
23 46 3 7 5 33 6 17 4 10 3 36 7 31 4 20 8
24 47 2 5 5 33 3 40 5 10 8 27 4
24 48 2 5 8 35 7 13 6 27 5 22 6
24 49 4 5 3 38 7 38 6 19 5 15 5
25 50 2 7 7 20 4 35 8 19 7 23 4 40 6 11 3
26 51 2 7 4 28 6 11 4 32 7 20 8 29 7 39 3
26 52 5 7 6 27 7 34 6 26 3 40 6 13 5 30 5
27 53 4 5 8 24 8 31 4 15 6 16 3
28 54 5 7 4 17 8 29 3 30 7 15 5 40 7 40 6
29 55 2 7 5 24 5 31 8 32 5 33 3 40 5 27 5
29 56 2 5 5 34 3 37 3 16 4 16 8
30 57 5 7 4 14 8 24 3 22 8 20 6 22 4 31 3
30 58 4 5 8 12 5 15 3 31 4 19 4
30 59 3 5 8 34 4 12 5 11 3 37 7
31 60 3 7 7 29 7 25 4 39 4 17 6 34 5 10 7
31 61 1 7 5 13 7 13 5 29 4 35 5 11 3 29 7
32 62 1 5 7 12 7 22 8 20 8 36 3
32 63 2 6 4 32 5 29 6 30 6 36 8 27 6
32 64 2 7 3 33 3 23 6 17 3 14 3 28 7 37 5
33 65 5 7 8 13 4 28 3 17 3 14 5 40 3 21 7
33 66 2 7 7 33 7 14 8 22 7 40 5 40 8 21 8
34 67 4 5 6 37 6 21 6 37 3 16 8
35 68 2 6 3 27 4 30 7 36 3 35 5 21 3
36 69 4 5 8 29 3 11 3 35 3 25 5
37 70 2 5 7 19 7 23 7 29 7 30 3
38 71 1 7 6 28 4 32 3 31 6 18 4 23 4 18 7
38 72 2 5 3 17 6 34 5 27 7 22 5
38 73 5 7 3 16 8 39 4 27 4 23 5 19 5 16 4
39 74 4 5 8 15 5 22 8 40 6 10 4
40 75 2 6 3 35 6 15 7 30 5 40 6 10 3
40 76 2 5 6 30 3 20 5 22 7 39 4
41 77 3 5 4 24 4 16 6 11 8 25 5
41 78 2 6 3 16 6 40 3 14 7 38 6 19 6
42 79 1 6 5 36 7 18 6 36 5 22 8 19 6
42 80 1 6 7 32 7 14 3 36 8 33 5 13 8
43 81 4 6 4 13 4 38 5 31 8 20 4 11 5
43 82 5 6 4 23 8 18 5 31 6 38 3 10 6
43 83 2 6 8 24 5 18 6 24 5 16 6 21 7
44 84 2 6 3 13 8 10 4 24 7 31 8 35 4
44 85 3 5 3 23 6 11 4 25 7 21 7
44 86 1 5 3 26 4 39 6 27 5 35 6
45 87 4 6 8 11 4 12 8 29 7 26 8 21 8
46 88 3 5 6 15 8 18 8 26 4 16 4
46 89 2 5 4 16 6 32 6 20 6 19 7
47 90 5 7 5 24 7 24 7 19 6 27 6 39 6 26 8
47 91 2 6 3 39 5 28 4 10 8 30 8 28 6
48 92 5 7 3 16 6 13 8 28 5 16 4 23 4 37 8
49 93 1 6 3 15 5 13 4 16 6 19 4 17 3
49 94 5 6 8 40 6 31 8 23 7 19 8 22 4
49 95 2 7 7 22 7 15 5 39 8 30 8 13 3 12 5
50 96 3 6 4 14 3 31 3 28 8 25 5 25 5
50 97 2 6 4 26 3 39 4 24 3 14 6 19 5
51 98 4 6 6 15 6 12 3 20 5 26 8 36 5
51 99 4 6 7 40 5 36 3 13 5 25 4 36 5
