0 0 p2 5 16 6 12 8 14 5 16 11 15 8
1 1 p3 11 16 6 16 9 14 9 14 11 12 5
1 2 p1 5 14 11 17 10 13 9 17 7 14 8 13 8
1 3 p5 8 12 5 12 11 14 7 13 6 17 10 15 6
2 4 p4 11 12 7 13 8 13 7 17 6 13 5
2 5 p1 7 12 10 15 7 13 6 13 5
3 6 p2 10 12 7 13 8 17 8 14 11 17 8 15 6 12 7 17 9
3 7 p1 8 13 6 14 11 14 10 15 8 17 7 15 9
4 8 p1 10 13 6 16 7 15 6 13 5 17 5 14 7 17 11
4 9 p1 11 12 11 14 8 14 7 17 6 15 10 12 6
5 10 p4 6 13 9 14 11 12 9
6 11 p3 11 13 6 15 7 15 9 12 7 12 6 16 6 15 8 16 9
6 12 p2 11 17 10 17 8 12 9 16 10 13 7 12 10
6 13 p2 8 14 8 12 11 17 7 13 6
7 14 p3 11 12 11 13 7 15 5 17 5 16 9 15 7
8 15 p3 9 12 5 16 9 15 5 13 5 16 5 13 11 17 10
9 16 p5 7 15 6 12 6 13 9 12 10
9 17 p1 10 16 7 14 9 17 10 16 6
9 18 p5 10 15 9 13 10 16 8
10 19 p1 5 16 8 15 11 14 7 15 11 12 10 17 6
10 20 p3 8 16 6 15 6 16 6 16 6 12 7 16 8 17 9 16 5
10 21 p2 9 14 9 13 6 15 9 12 6
11 22 p3 8 14 9 13 6
11 23 p3 8 13 9 15 10
11 24 p2 6 12 5 14 5 13 11 17 10 15 9 15 8
12 25 p3 6 13 5 15 6 13 9 13 8 17 10 15 6 14 5
12 26 p3 7 17 9 17 8 13 10 14 11 12 5 14 10 16 10 17 9
13 27 p1 11 16 10 14 10 13 6 12 11
13 28 p1 5 13 9 15 8 17 7 13 5 13 11
13 29 p2 7 13 11 16 10 15 8 17 11 14 9 16 8 16 10 12 8
14 30 p2 8 16 11 12 6 15 8 13 9
14 31 p2 7 14 7 15 6 12 5 16 5 15 10 12 10
15 32 p2 9 14 11 14 9 12 9 13 5 12 8 12 10
15 33 p2 9 16 5 12 8 17 5
15 34 p1 9 16 8 17 6 16 11
16 35 p1 8 13 8 13 11 13 10 14 6
16 36 p1 7 13 9 13 10 12 11
17 37 p2 10 15 5 12 9 14 11 12 10 17 10 16 8
18 38 p1 5 12 10 12 10 13 11 15 8 17 5
18 39 p1 11 17 10 17 6 12 8 17 6 12 11 14 10 13 7 14 6
19 40 p1 7 14 10 14 11 14 10 14 11
19 41 p5 6 14 11 16 5 17 9
20 42 p4 9 14 7 12 11 15 11
20 43 p3 8 17 8 14 7 14 10 14 11 13 7
20 44 p2 5 13 6 13 9 14 10 13 5 14 5 17 10 15 11
21 45 p1 7 17 5 15 11 16 10
21 46 p3 8 15 11 16 9 13 10 12 6 15 5 16 8
22 47 p4 6 13 7 14 11 12 5 14 6 15 11
22 48 p2 7 15 8 17 9 16 5 13 8 16 9
23 49 p1 11 14 7 12 6 15 10 17 5 14 5 15 10
24 50 p4 5 13 8 14 10 12 9 16 10 15 8 16 5 12 7 13 6
25 51 p4 11 13 11 17 10 13 8
26 52 p1 10 13 5 13 6
26 53 p4 6 12 6 17 10
27 54 p1 9 16 7 13 8 16 10 12 11 12 9 13 8 17 6
27 55 p1 8 16 9 15 5 14 8 17 9 12 7
27 56 p3 5 17 7 12 9 17 8 17 6 14 5 14 10
28 57 p1 5 13 7 13 8
28 58 p4 7 16 9 13 7 15 10 13 10 12 7
29 59 p1 8 14 8 15 10
29 60 p1 6 16 5 14 6
30 61 p4 8 15 9 14 8 15 8 15 8 15 11 13 11
31 62 p2 11 17 5 12 5 14 8 12 10 15 6 16 10 14 8
31 63 p3 5 17 6 12 5
32 64 p2 8 15 11 17 8 17 5 12 9 16 8 15 6 13 10 17 10
32 65 p2 11 16 11 16 8
33 66 p3 5 13 5 16 5 15 8 13 9 16 9
33 67 p2 5 14 8 16 11 17 6 16 11 12 10 16 10
34 68 p4 10 13 10 16 10 15 6 14 10 12 7 17 11 15 9 14 6
34 69 p2 8 16 10 13 10 15 7 17 5 12 11 15 10 15 10 16 9
34 70 p2 7 14 10 17 6 12 10 13 8
35 71 p1 6 16 5 13 8 15 6 15 9 16 6 15 5 12 11
36 72 p1 11 14 9 16 7 14 5 17 8 13 8 16 5
36 73 p2 9 13 5 12 11
37 74 p2 6 15 8 14 9 14 6 13 6 15 8 14 5 14 10 15 5
38 75 p4 5 14 10 15 6 13 9 12 5 14 7
39 76 p4 6 12 5 15 10 15 8 12 9 17 7 17 5 17 8
40 77 p1 6 16 11 16 5 16 9
40 78 p1 11 17 9 16 5
41 79 p1 5 12 5 13 10 14 5 14 11 17 7 13 10
41 80 p4 5 16 8 14 9 13 8 16 8
42 81 p2 5 16 9 14 5 12 8 16 11 13 9 16 8 13 11
42 82 p5 7 15 11 17 6
43 83 p1 5 17 5 16 8 17 10 15 11 17 10 12 11
43 84 p3 9 13 11 17 11 12 8 14 6 16 7 12 5 17 8
44 85 p4 8 12 9 12 6 14 8 16 10
44 86 p4 10 15 6 16 8
44 87 p3 7 12 11 16 11
45 88 p1 8 13 9 17 7 17 6 13 5 16 7 13 9
45 89 p2 11 15 9 17 5 16 11 17 8 15 6 14 6
46 90 p1 11 15 7 14 5 13 5 16 6 16 7 13 7 15 7
46 91 p3 11 12 7 16 10 13 10 16 7 15 5 12 7 17 6 12 10
46 92 p1 7 16 7 14 10 14 7 14 7 16 9 15 6
47 93 p1 10 14 7 12 10 14 11 13 7 13 9
48 94 p1 11 16 11 12 9
48 95 p1 9 17 5 15 8 13 9 14 5
49 96 p5 9 12 11 12 11 17 11
50 97 p3 8 13 11 13 7 14 11 17 11 16 5 12 7 13 8
51 98 p2 7 12 7 15 10 17 7
51 99 p5 8 13 11 12 9 12 5
