0 0 p5 36 8 23 7 24 7 30 8 29 5 33 7 35
0 1 p1 34 9 30 8 21 6 32 9 35 6 24 8 34
1 2 p1 26 7 28 7 35 6 25 7 19 6 26
1 3 p2 26 9 32 9 36 6 31 6 20 8 31 5 27 5 27
1 4 p3 34 9 20 9 21 5 28 8 30 5 35 7 28 7 31 7 34
2 5 p2 24 8 21 6 29 8 24 5 25 9 22 9 23
3 6 p2 24 6 27 9 36 8 34 6 34 6 26
3 7 p3 20 7 20 9 36 7 23 6 36 6 27 8 24
4 8 p4 32 6 34 5 29 9 22 7 23 9 19
4 9 p4 29 9 28 9 30 9 34 7 21 6 31 6 20
4 10 p1 26 8 21 6 35 8 32 5 32
5 11 p3 28 6 33 7 23 9 22 8 35
6 12 p1 35 5 35 6 31 8 28 5 21 5 27 9 25
6 13 p3 30 8 36 9 35 7 33 8 22 9 32
6 14 p1 36 5 28 6 24 5 30 6 33 5 22 5 23
7 15 p2 20 8 26 8 29 6 27 6 35 5 26
8 16 p1 30 9 32 7 25 8 31 8 20 8 29 9 32 8 31
8 17 p2 21 5 26 8 25 6 28 8 25 7 22
9 18 p1 34 8 19 8 30 6 22 6 26 9 25 6 22 8 34 5 27
9 19 p3 33 5 29 5 27 8 31 8 24 7 26 5 19 8 25 9 35
9 20 p2 30 9 20 9 31 7 20 6 20 9 30 9 19
10 21 p2 24 9 27 5 28 6 19 8 29 6 21 6 33 8 21 8 36
10 22 p1 36 8 28 9 29 9 19 7 36 6 22 6 36 8 23 8 25
11 23 p2 31 5 24 9 23 7 27 8 26 9 23 9 27
12 24 p5 35 7 22 9 36 8 22 9 34 9 20 5 26 7 22 9 26
12 25 p4 25 5 31 9 30 5 21 5 22 5 19 6 29
13 26 p5 32 8 29 7 26 7 21 9 27 9 24
13 27 p3 22 6 20 9 21 8 35 6 25
13 28 p2 25 7 29 9 35 8 22 5 28 5 31
14 29 p2 25 8 20 6 35 9 34 9 22 5 33 6 19
15 30 p1 36 5 22 6 35 5 23 6 31
15 31 p3 32 5 29 7 19 5 29 7 25
16 32 p1 27 6 36 8 32 5 31 7 31 8 29 9 24 7 33
17 33 p1 23 7 26 8 26 8 25 5 32 6 36 8 20 9 23 6 25
18 34 p5 33 9 23 5 33 5 28 6 20 6 25 8 30
18 35 p4 25 7 32 5 27 8 20 5 28
18 36 p1 26 6 23 5 21 8 19 8 28
19 37 p2 31 7 35 7 31 7 25 9 26 8 28 7 33
19 38 p1 23 8 25 7 21 8 20 8 24 7 30
20 39 p1 36 6 19 6 36 6 20 9 33
20 40 p3 29 6 36 6 34 7 19 6 24 7 35 8 24 6 31
21 41 p4 22 7 20 5 36 7 35 9 33
21 42 p3 21 6 26 6 30 9 27 7 30 5 34 9 33
21 43 p4 34 8 36 9 32 5 33 7 29
22 44 p5 35 9 25 8 30 8 29 8 23 7 24 8 28 5 32 6 32
22 45 p1 20 6 30 9 20 5 35 8 20
23 46 p1 23 5 26 6 27 9 24 6 35 7 22 6 21 8 29 5 27
24 47 p2 29 8 26 5 20 7 26 8 20 7 21 5 35 6 26
25 48 p2 24 6 30 9 29 5 24 8 22 5 31 7 23 8 28 6 21
26 49 p1 32 8 27 8 23 7 33 9 31 6 26 6 25 6 35
26 50 p1 30 9 23 5 35 9 23 7 25 6 31 9 33 6 24 7 32
26 51 p1 22 5 35 5 28 7 31 6 33 5 25 9 31 8 31 7 27
27 52 p2 24 8 36 7 34 8 25 5 20 5 24 6 20 7 29
27 53 p1 26 8 21 8 29 9 31 8 36 5 27
27 54 p1 22 5 33 5 25 6 35 5 33 7 30
28 55 p1 26 9 25 9 26 6 20 8 25 5 28 8 36 5 26
28 56 p2 28 6 33 5 19 6 22 6 33
29 57 p1 33 6 33 7 21 6 32 7 30
29 58 p1 35 9 22 7 29 5 29 7 34 5 25
30 59 p1 26 7 32 5 20 6 27 8 36 6 27
31 60 p2 25 9 34 5 33 6 27 9 35 9 24 8 30 6 27 6 26
31 61 p1 26 8 23 7 23 8 36 9 21 9 29
31 62 p4 26 8 21 9 23 9 34 6 26 8 34 5 20 8 33
32 63 p4 22 6 28 7 30 8 35 5 28 5 35 5 23 9 27
32 64 p2 32 8 22 5 23 8 36 8 20 9 36 8 23 6 27 8 36
32 65 p2 25 7 27 9 30 5 29 5 34
33 66 p3 25 7 30 5 36 9 33 7 21 6 26 9 35 6 23
34 67 p1 20 6 34 6 22 8 19 7 30 5 30
34 68 p1 33 6 25 6 28 7 35 5 33 8 30
34 69 p3 28 6 27 5 35 5 36 6 27
35 70 p4 24 5 21 7 24 6 31 5 25
36 71 p4 24 9 29 7 25 5 35 8 35
36 72 p2 19 9 27 8 22 9 27 8 21 7 33 5 25 8 30
36 73 p3 27 6 28 7 21 5 20 9 32 6 35 5 32 7 21 6 19
37 74 p1 22 8 19 5 23 9 33 9 29 7 33 5 33 6 33
37 75 p4 29 5 19 9 19 9 20 8 24 7 21 7 27 5 27 6 36
38 76 p3 33 5 26 6 23 7 30 8 23 7 19 8 19 8 22 8 19
38 77 p1 28 6 21 6 28 7 23 7 24 8 34 6 21 8 30
38 78 p2 23 8 29 6 24 7 34 6 29 7 33 7 24
39 79 p2 36 5 31 8 29 7 29 8 19 5 26 6 26 6 35 6 21
39 80 p2 32 5 26 8 28 7 20 9 30 9 29 7 22 7 21 5 32
39 81 p2 19 6 20 5 23 9 25 5 30
40 82 p3 32 7 21 8 29 5 26 5 30 9 22
40 83 p5 34 5 23 6 24 6 20 8 35
41 84 p4 27 5 19 5 28 5 33 6 26 8 27 8 30 8 33
41 85 p2 28 5 31 7 21 9 19 7 21 6 23 8 25 8 26 8 31
42 86 p1 32 7 36 6 20 7 25 7 22 8 30 7 20
42 87 p5 19 6 33 5 28 9 24 9 34
42 88 p1 23 8 24 9 28 5 27 6 26 9 32 5 22 8 27 8 31
43 89 p1 33 6 24 5 21 6 28 8 28 9 26 9 27 7 30 8 23
44 90 p3 33 5 21 8 32 7 36 8 32 9 35
45 91 p4 20 8 35 8 22 5 26 9 22 9 25
45 92 p3 31 8 22 7 35 5 21 6 25 8 20 8 35 5 21
46 93 p2 29 8 34 6 34 8 29 7 28
46 94 p3 33 6 26 6 33 7 33 7 25 9 23 7 25 7 33
46 95 p3 20 5 27 5 35 5 32 7 26 9 20 7 28 6 21
47 96 p4 36 8 27 5 24 6 24 8 29 8 19 7 29 6 27 5 32
47 97 p1 22 5 34 6 25 6 23 5 25 9 26
48 98 p4 21 5 21 8 28 7 29 7 22 9 25 6 25
48 99 p1 35 9 19 7 32 5 29 7 30
