0 0 6 8 15 6 10 7 10 8 13 7 15 3
0 1 6 3 11 5 8 5 14 4 8 3 15 8
1 2 6 4 15 5 6 3 7 3 15 7 10 8
1 3 5 7 7 5 12 6 15 7 7 6
1 4 6 5 15 4 15 5 14 7 8 4 6 4
2 5 6 6 8 8 9 5 7 5 12 3 10 8
2 6 7 6 8 7 12 7 5 3 6 5 8 8 15 7
3 7 7 8 15 7 14 8 13 5 6 6 14 7 7 3
4 8 7 5 8 8 9 4 12 7 8 4 13 8 14 8
5 9 7 3 5 8 12 7 6 6 7 4 10 8 11 8
5 10 5 8 7 7 13 3 10 6 9 3
5 11 7 7 11 3 5 3 10 7 13 4 6 4 11 4
6 12 5 7 12 8 5 7 12 8 11 7
6 13 7 4 12 5 8 7 8 4 9 8 5 8 10 4
7 14 6 7 15 7 6 7 6 6 7 5 12 3
8 15 6 4 11 6 5 6 7 3 15 6 5 5
8 16 7 4 11 6 5 7 9 5 6 3 8 3 11 4
8 17 7 6 13 8 9 3 8 7 11 4 7 6 12 7
9 18 5 7 13 6 12 8 13 6 13 5
9 19 5 5 14 3 7 7 6 6 13 8
10 20 6 6 12 7 10 8 14 5 15 3 10 3
10 21 6 6 15 4 9 7 14 3 9 5 10 5
10 22 5 7 14 7 14 3 14 8 14 6
11 23 5 5 15 3 9 3 10 6 14 4
11 24 7 3 6 4 6 6 7 7 7 8 10 8 10 8
11 25 6 5 8 5 8 4 7 4 14 7 12 3
12 26 6 8 10 6 12 3 9 8 11 3 10 7
12 27 6 7 11 6 15 4 14 6 14 8 11 7
12 28 7 4 15 4 10 3 9 7 14 7 11 4 6 6
13 29 5 8 5 5 15 8 13 4 7 8
13 30 7 8 7 3 12 5 12 8 9 7 12 6 7 6
14 31 6 7 14 6 13 3 9 7 6 3 7 6
14 32 6 3 14 6 7 4 6 7 5 7 7 8
14 33 7 5 13 3 14 7 6 7 10 3 7 5 7 8
15 34 6 8 10 7 9 4 5 5 7 3 13 8
15 35 7 4 7 5 7 4 14 5 6 8 9 6 11 7
15 36 5 8 12 7 5 4 6 5 12 7
16 37 6 7 14 3 15 5 11 6 13 6 6 5
17 38 5 7 10 3 8 4 13 6 11 3
17 39 7 4 5 7 9 7 10 6 15 8 5 4 7 8
18 40 6 4 12 3 8 8 15 7 6 5 9 4
18 41 7 6 5 3 10 8 5 3 12 3 11 5 6 3
19 42 5 6 15 4 6 4 10 5 12 8
20 43 6 6 10 7 6 7 9 8 12 6 5 6
20 44 6 5 12 4 12 7 8 8 15 6 6 6
21 45 6 4 13 3 5 6 14 4 10 8 5 7
22 46 6 3 15 8 12 7 14 7 15 8 13 5
22 47 5 4 6 4 5 8 5 5 11 4
23 48 5 6 9 4 10 3 13 5 13 8
23 49 6 4 9 3 7 6 9 4 12 8 14 4
24 50 7 5 8 5 12 5 14 6 6 7 12 4 9 6
24 51 5 8 6 3 13 3 10 3 10 6
25 52 5 7 6 4 9 8 5 8 14 3
25 53 5 8 7 3 14 3 15 5 5 4
26 54 6 8 13 8 8 4 11 5 7 8 6 6
26 55 5 3 9 8 9 4 15 3 8 4
26 56 7 7 14 8 14 3 14 6 7 8 9 6 12 5
27 57 5 8 5 5 14 7 10 8 5 3
27 58 5 4 12 8 6 3 8 3 13 8
28 59 6 8 15 4 12 4 15 3 14 4 12 5
28 60 6 4 12 4 12 3 9 3 7 3 7 3
28 61 7 8 10 7 5 5 5 5 15 7 12 5 10 3
29 62 6 4 6 7 15 7 7 3 15 8 14 7
30 63 7 5 13 8 7 4 15 5 14 8 5 7 7 6
31 64 6 3 14 5 14 5 10 6 15 3 10 3
31 65 7 4 15 7 5 6 10 6 6 6 7 8 6 3
31 66 5 5 10 8 8 4 15 5 11 6
32 67 5 5 6 8 12 8 14 3 10 4
32 68 5 7 6 8 12 5 12 4 11 4
33 69 5 5 7 4 11 4 8 3 10 4
34 70 6 8 8 3 10 3 11 7 14 8 6 8
34 71 7 8 5 8 12 8 10 6 8 5 6 7 9 4
35 72 7 6 12 5 7 4 14 8 7 5 11 8 8 6
35 73 5 6 13 5 8 8 11 6 14 7
35 74 5 6 7 7 12 5 13 3 10 6
36 75 6 4 12 7 13 7 11 6 12 7 15 6
37 76 5 4 9 3 7 5 5 3 8 3
37 77 6 5 12 5 8 8 14 7 13 6 6 4
37 78 6 4 15 8 9 6 11 7 9 7 13 4
38 79 5 6 13 7 7 5 15 3 11 8
39 80 7 8 13 3 15 6 9 7 6 5 13 3 8 8
40 81 7 3 10 4 9 4 7 3 7 3 13 5 7 5
40 82 6 7 14 7 5 5 9 6 12 6 14 5
41 83 7 5 8 5 6 5 11 5 12 4 14 4 7 8
41 84 5 7 10 5 12 8 11 7 5 8
41 85 6 8 5 3 13 3 8 4 9 6 7 8
42 86 7 6 12 6 14 8 9 3 10 7 12 5 12 7
42 87 6 4 7 3 15 3 8 7 7 8 14 4
43 88 7 8 5 5 15 6 9 5 6 8 9 5 10 7
43 89 6 6 5 8 6 6 5 7 7 3 15 7
44 90 7 5 5 8 8 7 7 4 8 7 6 4 9 7
45 91 5 7 14 8 12 7 9 6 8 6
45 92 5 7 5 6 15 4 12 5 12 4
45 93 5 8 7 3 11 6 14 8 6 3
46 94 5 7 12 6 10 4 7 7 10 5
46 95 5 4 11 7 15 5 11 3 6 4
47 96 6 8 7 6 10 5 9 3 8 4 5 7
47 97 7 8 9 8 11 6 6 5 13 6 10 8 13 6
48 98 5 3 6 3 12 8 15 3 8 3
49 99 6 4 11 7 5 4 11 6 14 7 15 5
